3
4
8
10
11
12
13
14
14
14
14
16
18
19
19
20
20
22
22
24
26
28
28
28
29
29
30
31
32
34
34
34
36
37
39
40
41
41
43
43
44
45
45
45
46
46
46
46
47
47
48
48
50
51
54
54
54
56
57
59
59
60
60
61
62
63
64
65
66
68
68
70
70
71
73
75
76
77
79
79
80
80
81
82
82
82
84
86
86
86
88
88
90
91
93
95
96
97
100
100
101
104
105
107
108
109
109
110
110
112
115
115
115
115
115
115
116
116
117
117
117
118
118
118
119
120
120
125
125
125
125
126
131
131
132
132
133
134
135
136
137
137
138
138
138
140
141
142
142
143
143
143
143
144
146
147
147
147
148
148
151
151
152
153
153
153
154
154
155
155
156
157
158
158
158
159
159
160
160
163
164
164
166
167
169
169
171
172
172
173
175
176
176
176
177
177
177
177
179
179
179
180
180
181
181
183
185
187
189
190
192
192
193
193
193
193
195
196
197
197
197
198
199
201
202
202
204
207
208
209
209
210
211
212
215
215
217
218
222
222
222
222
224
225
225
227
230
230
231
231
232
233
233
234
235
238
238
238
238
238
238
239
239
239
239
239
240
241
242
242
243
244
245
246
246
246
246
247
248
248
249
250
252
252
253
253
254
255
256
257
258
259
259
262
263
264
264
269
269
270
271
271
273
273
275
276
276
278
278
278
279
282
282
284
285
288
289
289
290
293
296
297
297
297
297
297
297
299
302
302
304
304
308
308
310
310
311
312
312
315
316
318
320
322
322
322
322
322
325
328
328
329
329
329
331
331
332
333
334
336
339
339
339
340
341
344
346
348
350
351
352
352
353
354
354
354
354
355
357
357
357
358
359
359
359
361
363
363
363
364
364
365
366
366
366
367
367
367
369
369
372
373
373
375
375
376
378
380
381
383
385
385
387
388
388
389
389
389
391
393
393
394
394
395
395
395
396
396
397
397
398
399
400
401
401
401
402
403
409
409
410
411
415
415
417
419
422
423
424
424
424
424
425
427
429
430
430
431
433
434
434
434
435
437
438
438
438
440
441
441
441
442
443
445
445
445
447
449
451
452
454
454
456
458
460
461
463
464
465
466
467
467
468
468
468
468
470
470
470
473
473
475
477
477
478
478
478
478
478
479
479
479
480
480
484
485
486
487
490
491
491
493
493
493
494
494
495
495
495
496
498
498
498
500
500
500
502
502
503
505
506
507
509
510
511
512
513
514
515
516
516
516
517
518
518
519
520
523
523
524
525
525
527
529
530
531
531
532
532
532
532
533
533
534
536
536
537
537
539
540
540
542
544
544
545
545
546
547
548
550
551
551
551
551
554
554
555
556
559
561
561
561
561
565
568
568
568
570
572
572
572
575
578
578
578
579
580
580
580
581
581
584
585
587
591
592
592
592
593
594
596
600
601
604
605
607
608
608
610
613
615
616
618
618
619
621
624
624
626
627
628
629
630
630
632
632
632
632
632
633
636
636
636
637
638
640
640
641
641
641
643
644
644
645
645
646
647
648
651
651
651
653
653
653
654
656
657
658
659
661
662
662
663
664
665
666
669
670
671
673
674
674
675
678
679
681
683
683
685
688
688
688
689
690
692
692
695
696
696
697
701
701
702
704
705
705
706
706
706
708
710
713
714
716
717
717
717
719
720
721
721
723
724
725
726
729
729
729
730
734
736
737
738
738
739
739
740
740
740
740
741
746
747
748
750
752
752
754
755
756
757
760
760
760
760
761
763
765
766
767
768
769
769
769
769
771
771
772
775
778
780
781
782
782
784
784
784
785
788
792
793
794
794
796
796
797
798
798
802
802
802
802
803
804
805
806
806
807
809
809
810
812
813
815
817
818
821
822
824
825
827
828
828
829
829
831
831
834
834
836
836
839
840
841
842
842
843
843
844
844
845
845
846
847
847
848
849
850
850
854
855
856
857
858
859
860
863
864
864
867
867
867
869
869
870
872
873
874
875
876
878
880
880
881
881
884
884
886
888
888
889
890
890
892
893
893
894
895
897
897
899
901
902
903
904
906
906
906
907
909
910
910
910
911
911
911
915
915
915
916
918
919
921
921
921
923
925
926
926
927
928
929
930
934
934
934
934
935
938
938
938
938
939
940
941
942
943
943
945
945
946
947
948
948
948
948
948
948
950
951
952
954
954
954
954
955
955
955
955
956
957
959
959
960
961
962
962
963
965
965
965
965
966
968
968
969
970
970
973
973
973
975
975
977
978
979
982
982
983
984
985
986
986
987
987
988
989
991
991
993
994
994
997
998
999
1000
1001
1001
1001
1002
1003
1003
1003
1003
1003
1004
1006
1006
1008
1009
1009
1011
1012
1012
1012
1012
1012
1015
1015
1016
1017
1020
1022
1022
1023
1023
1023
1023
1023
1024
1024
1024
1026
1030
1033
1034
1034
1036
1036
1036
1036
1037
1039
1041
1041
1041
1042
1042
1043
1045
1046
1049
1050
1053
1054
1055
1059
1059
1060
1060
1060
1062
1062
1063
1064
1066
1067
1068
1069
1070
1072
1073
1073
1073
1074
1076
1077
1080
1081
1084
1084
1086
1087
1090
1090
1093
1094
1096
1097
1098
1099
1101
1101
1104
1105
1106
1107
1107
1107
1107
1108
1109
1111
1111
1111
1112
1112
1112
1113
1113
1114
1116
1116
1118
1119
1119
1119
1119
1119
1122
1123
1123
1123
1124
1125
1126
1126
1126
1127
1128
1129
1131
1131
1131
1134
1134
1135
1136
1138
1139
1139
1139
1140
1141
1142
1143
1144
1145
1145
1146
1146
1147
1148
1151
1153
1154
1155
1157
1158
1158
1159
1160
1161
1162
1163
1164
1165
1165
1165
1168
1168
1170
1171
1172
1172
1173
1173
1173
1174
1174
1177
1177
1178
1179
1179
1179
1180
1180
1182
1182
1183
1183
1185
1187
1191
1191
1191
1191
1192
1192
1193
1193
1193
1195
1197
1197
1201
1201
1205
1205
1206
1207
1207
1207
1207
1208
1209
1210
1211
1213
1215
1219
1220
1221
1222
1224
1225
1225
1226
1226
1226
1228
1229
1229
1230
1231
1232
1233
1234
1234
1236
1237
1238
1239
1239
1240
1240
1241
1242
1245
1246
1246
1249
1249
1255
1255
1256
1256
1256
1257
1257
1259
1263
1263
1265
1266
1269
1270
1271
1272
1276
1276
1277
1279
1279
1280
1286
1286
1287
1287
1289
1290
1291
1292
1292
1294
1295
1297
1297
1298
1298
1298
1298
1298
1299
1299
1299
1300
1303
1304
1305
1306
1306
1307
1307
1307
1308
1312
1313
1313
1314
1317
1317
1317
1318
1319
1319
1320
1320
1321
1322
1322
1323
1323
1325
1325
1326
1327
1328
1328
1331
1332
1332
1333
1334
1335
1336
1336
1339
1340
1341
1342
1344
1345
1345
1345
1346
1347
1350
1353
1356
1357
1359
1360
1361
1363
1365
1367
1369
1369
1369
1369
1369
1369
1370
1371
1371
1371
1372
1374
1376
1379
1381
1382
1383
1383
1384
1385
1387
1389
1390
1391
1392
1392
1392
1395
1398
1399
1399
1400
1401
1402
1403
1404
1405
1405
1408
1408
1408
1409
1411
1411
1411
1412
1412
1414
1414
1414
1415
1416
1418
1419
1421
1421
1421
1422
1424
1424
1424
1426
1428
1428
1429
1430
1430
1431
1431
1431
1433
1434
1436
1438
1439
1440
1441
1442
1442
1442
1445
1446
1447
1447
1448
1448
1448
1449
1451
1451
1451
1451
1453
1455
1455
1458
1459
1460
1461
1461
1463
1464
1467
1467
1470
1471
1471
1471
1473
1474
1474
1474
1477
1477
1478
1478
1478
1479
1479
1480
1480
1481
1481
1483
1483
1484
1485
1486
1487
1488
1488
1488
1488
1489
1489
1489
1490
1491
1491
1491
1491
1491
1491
1495
1495
1497
1497
1498
1499
1499
1500
1500
1500
1500
1501
1503
1505
1507
1507
1507
1507
1507
1508
1511
1512
1513
1514
1514
1514
1515
1516
1518
1520
1521
1523
1523
1524
1525
1526
1527
1527
1528
1528
1528
1531
1531
1533
1534
1534
1535
1536
1536
1537
1537
1538
1541
1541
1541
1542
1543
1543
1544
1547
1549
1550
1551
1553
1555
1557
1559
1562
1563
1564
1565
1566
1566
1567
1568
1568
1570
1573
1574
1575
1578
1580
1584
1587
1588
1589
1591
1595
1597
1598
1600
1600
1600
1601
1602
1603
1604
1606
1607
1608
1608
1608
1608
1609
1610
1610
1612
1615
1617
1617
1617
1617
1617
1618
1621
1622
1624
1626
1627
1628
1630
1630
1631
1634
1635
1637
1637
1638
1639
1641
1642
1642
1643
1643
1644
1644
1645
1646
1650
1650
1651
1654
1655
1655
1655
1657
1660
1661
1664
1665
1666
1667
1667
1668
1669
1669
1670
1670
1670
1672
1672
1674
1675
1675
1676
1678
1679
1681
1683
1683
