1 0 0 1645310005646724 
1 1 0 1645310005988165 
1 2 0 1645310005990157 
1 3 0 1645310005990188 
1 4 0 1645310005990300 
1 5 0 1645310005990331 
1 6 0 1645310005990388 
1 8 0 1645310005990491 
1 9 0 1645310005990595 
1 10 0 1645310005990644 
1 11 0 1645310005990742 
1 12 0 1645310005990791 
1 13 0 1645310005990840 
1 14 0 1645310005990897 
1 15 0 1645310005990994 
1 16 0 1645310005991043 
1 17 0 1645310005991092 
1 18 0 1645310005991150 
1 19 0 1645310005991483 
1 20 0 1645310005991495 
1 21 0 1645310005991508 
1 22 0 1645310005991529 
1 23 0 1645310005991542 
1 24 0 1645310005991600 
2 0 1 1645310005991622 
2 1 1 1645310005991897 
2 2 1 1645310005991920 
2 4 1 1645310005991932 
2 5 1 1645310005991964 
2 6 1 1645310005992142 
2 7 1 1645310005992156 
2 8 1 1645310005992169 
2 9 1 1645310005992191 
2 10 1 1645310005992390 
2 11 1 1645310005992402 
2 12 1 1645310005992415 
2 14 1 1645310005992437 
2 15 1 1645310005992645 
2 16 1 1645310005992658 
2 17 1 1645310005992671 
2 18 1 1645310005992684 
2 19 1 1645310005992887 
2 21 1 1645310005992909 
2 22 1 1645310005992932 
2 23 1 1645310005992945 
2 24 1 1645310005993164 
2 26 1 1645310005993177 
2 27 1 1645310005993200 
2 28 1 1645310005993213 
2 29 1 1645310005993379 
2 30 1 1645310005993393 
2 31 1 1645310005993406 
2 32 1 1645310005993635 
2 33 1 1645310005993658 
2 34 1 1645310005993671 
2 35 1 1645310005993684 
2 36 1 1645310005993697 
2 37 1 1645310005994112 
2 38 1 1645310005994390 
2 39 1 1645310005994403 
2 40 1 1645310005994417 
2 41 1 1645310005994440 
2 42 1 1645310005994453 
2 43 1 1645310005994637 
2 44 1 1645310005994650 
2 45 1 1645310005994683 
2 46 1 1645310005994696 
2 47 1 1645310005994876 
2 49 1 1645310005994889 
1 7 0 1645310006060749 
2 3 1 1645310006062271 
2 13 1 1645310006062745 
2 20 1 1645310006063221 
2 25 1 1645310006063446 
2 48 1 1645310006065255 
