m_iPayloadSize:  8956
server is ready at port: 9000
m_iPayloadSize:  8956
new connection: 192.168.54.22:49329
1 1643644008535863
2 1643644008891815
3 1643644008893828
4 1643644008893877
5 1643644008893972
6 1643644008894073
7 1643644008894125
8 1643644008894179
9 1643644008894235
10 1643644008894307
11 1643644008894380
12 1643644008894487
13 1643644008894538
14 1643644008894593
15 1643644008894672
16 1643644008894718
17 1643644008894809
18 1643644008894867
20 1643644008894991
22 1643644008895236
19 1643644008895356
23 1643644008895575
25 1643644008895667
24 1643644008895793
21 1643644008895905
26 1643644008895972
27 1643644008895993
28 1643644008896010
29 1643644008896026
30 1643644008896047
31 1643644008896085
32 1643644008896104
33 1643644008896120
35 1643644008896376
36 1643644008896393
38 1643644008896406
41 1643644008896637
43 1643644008896653
44 1643644008896864
45 1643644008896879
46 1643644008896894
47 1643644008896908
49 1643644008897108
50 1643644008897120
52 1643644008897129
53 1643644008897361
54 1643644008897377
55 1643644008897390
56 1643644008897403
57 1643644008897611
60 1643644008897628
61 1643644008897641
62 1643644008897853
63 1643644008897867
64 1643644008897880
67 1643644008898110
68 1643644008898125
69 1643644008898139
70 1643644008898364
71 1643644008898379
72 1643644008898392
73 1643644008898406
75 1643644008898586
34 1643644009251843
37 1643644009253936
39 1643644009254036
42 1643644009254189
48 1643644009254720
51 1643644009254736
66 1643644009255845
74 1643644009256272
58 1643644009612804
59 1643644009612852
40 1643644009965800
65 1643644010321768
core: m_RecoveredTotal: 0  m_RetransmissionTotal: 0  m_FECTotal: 0
m_FEC: m_RecoveredTotal: 0  m_notRecoveredTotal: 0
core: m_RecoveredTotal: 3  m_RetransmissionTotal: 12  m_FECTotal: 0
m_FEC: m_RecoveredTotal: 3  m_notRecoveredTotal: 0
