0 1634157349268695 
1 1634157349268750 
2 1634157349268815 
3 1634157349268875 
4 1634157349268937 
5 1634157349269005 
6 1634157349269070 
7 1634157349269136 
8 1634157349269202 
9 1634157349269266 
10 1634157349269332 
11 1634157349269394 
12 1634157349269459 
13 1634157349279962 
14 1634157349279966 
15 1634157349279968 
16 1634157349279969 
17 1634157349279971 
18 1634157349279972 
19 1634157349279974 
20 1634157349279981 
21 1634157349279983 
22 1634157349279984 
23 1634157349279986 
24 1634157349279988 
25 1634157349279989 
26 1634157349279991 
27 1634157349279992 
28 1634157349279994 
29 1634157349279995 
30 1634157349279997 
31 1634157349279999 
32 1634157349352074 
33 1634157349418098 
34 1634157349482072 
35 1634157349540072 
36 1634157349596112 
37 1634157349648092 
38 1634157349698074 
39 1634157349746098 
40 1634157349792071 
41 1634157349792143 
42 1634157349836071 
43 1634157349876090 
44 1634157349916097 
45 1634157349956077 
46 1634157349992096 
47 1634157350028075 
48 1634157350062098 
49 1634157350096069 
50 1634157350128077 
51 1634157350160094 
52 1634157350190096 
53 1634157350220086 
54 1634157350248091 
55 1634157350276091 
56 1634157350302096 
57 1634157350302162 
58 1634157350328074 
59 1634157350354071 
60 1634157350380073 
61 1634157350404092 
62 1634157350428071 
63 1634157350452073 
64 1634157350474090 
65 1634157350496064 
66 1634157350518094 
67 1634157350540074 
68 1634157350560068 
69 1634157350580065 
70 1634157350600067 
71 1634157350620084 
72 1634157350640084 
73 1634157350640150 
74 1634157350658072 
75 1634157350676086 
76 1634157350694074 
77 1634157350712071 
78 1634157350730094 
79 1634157350748090 
80 1634157350764106 
81 1634157350782071 
82 1634157350798093 
83 1634157350814075 
84 1634157350830078 
85 1634157350846081 
86 1634157350860071 
87 1634157350876097 
88 1634157350890098 
89 1634157350890163 
90 1634157350906100 
91 1634157350920087 
92 1634157350934090 
93 1634157350948091 
94 1634157350962092 
95 1634157351000312 
96 1634157351000315 
97 1634157351016053 
98 1634157351056327 
99 1634157351056330 
100 1634157351074073 
101 1634157351092095 
102 1634157351108097 
103 1634157351124092 
104 1634157351140073 
105 1634157351140140 
106 1634157351156053 
107 1634157351172079 
108 1634157351186071 
109 1634157351202113 
110 1634157351216076 
111 1634157351230071 
112 1634157351244066 
113 1634157351258073 
114 1634157351272067 
115 1634157351284094 
116 1634157351298094 
117 1634157351310094 
118 1634157351322092 
119 1634157351334072 
120 1634157351346076 
121 1634157351346134 
122 1634157351358070 
123 1634157351368296 
124 1634157351380090 
125 1634157351390319 
126 1634157351402066 
127 1634157351412092 
128 1634157351422314 
129 1634157351432562 
130 1634157351442829 
131 1634157351453070 
132 1634157351463076 
133 1634157351473086 
134 1634157351483092 
135 1634157351491070 
136 1634157351501116 
137 1634157351501187 
138 1634157351529315 
139 1634157351529319 
140 1634157351529320 
141 1634157351539576 
142 1634157351549822 
143 1634157351560077 
144 1634157351570101 
145 1634157351580069 
146 1634157351590071 
147 1634157351600086 
148 1634157351610069 
149 1634157351620063 
150 1634157351628092 
151 1634157351638073 
152 1634157351648073 
153 1634157351648138 
154 1634157351656093 
155 1634157351666075 
156 1634157351676065 
157 1634157351684096 
158 1634157351694070 
159 1634157351704069 
160 1634157351712093 
161 1634157351722073 
162 1634157351730091 
163 1634157351740071 
164 1634157351748071 
165 1634157351758069 
166 1634157351766098 
167 1634157351774073 
168 1634157351784075 
169 1634157351784141 
170 1634157351792071 
171 1634157351800074 
172 1634157351810068 
173 1634157351818096 
174 1634157351826049 
175 1634157351834095 
176 1634157351842076 
177 1634157351850073 
178 1634157351858089 
179 1634157351866076 
180 1634157351874068 
181 1634157351882068 
182 1634157351890095 
183 1634157351898053 
184 1634157351906094 
185 1634157351906166 
186 1634157351914081 
187 1634157351922073 
188 1634157351930071 
189 1634157351936092 
190 1634157351944070 
191 1634157351952088 
192 1634157351960050 
193 1634157351966096 
194 1634157351974067 
195 1634157351982089 
196 1634157351988065 
197 1634157351996089 
198 1634157352004060 
199 1634157352010062 
200 1634157352018027 
201 1634157352018093 
202 1634157352024029 
203 1634157352032022 
204 1634157352038024 
205 1634157352046027 
206 1634157352052020 
207 1634157352060026 
208 1634157352066027 
209 1634157352072032 
210 1634157352080025 
211 1634157352086025 
212 1634157352092023 
213 1634157352100027 
214 1634157352106025 
215 1634157352112030 
216 1634157352120022 
217 1634157352120095 
218 1634157352126027 
219 1634157352132030 
220 1634157352138025 
221 1634157352144022 
222 1634157352152024 
223 1634157352158026 
224 1634157352164028 
225 1634157352170024 
226 1634157352176026 
227 1634157352182030 
228 1634157352188022 
229 1634157352194023 
230 1634157352200025 
231 1634157352208020 
232 1634157352214027 
233 1634157352214093 
234 1634157352218216 
235 1634157352224225 
236 1634157352230027 
237 1634157352236025 
238 1634157352242022 
239 1634157352248034 
240 1634157352254030 
241 1634157352260023 
242 1634157352266024 
243 1634157352272029 
244 1634157352278027 
245 1634157352284028 
246 1634157352288028 
247 1634157352294024 
248 1634157352300023 
249 1634157352300089 
250 1634157352306027 
251 1634157352312026 
252 1634157352316033 
253 1634157352322023 
254 1634157352328030 
255 1634157352334028 
256 1634157352338027 
257 1634157352344021 
258 1634157352350024 
259 1634157352356027 
260 1634157352360027 
261 1634157352366026 
262 1634157352372024 
263 1634157352376025 
264 1634157352382024 
265 1634157352382089 
266 1634157352388025 
267 1634157352392024 
268 1634157352398027 
269 1634157352404025 
270 1634157352408030 
271 1634157352414022 
272 1634157352418221 
273 1634157352424031 
274 1634157352430027 
275 1634157352434032 
276 1634157352440021 
277 1634157352444024 
278 1634157352450024 
279 1634157352454214 
280 1634157352460031 
281 1634157352460091 
282 1634157352464403 
283 1634157352470027 
284 1634157352474597 
285 1634157352480028 
286 1634157352484024 
287 1634157352490028 
288 1634157352494021 
289 1634157352500028 
290 1634157352504018 
291 1634157352510028 
292 1634157352514023 
293 1634157352520030 
294 1634157352524031 
295 1634157352528030 
296 1634157352534027 
297 1634157352534093 
298 1634157352554222 
299 1634157352554225 
300 1634157352554227 
301 1634157352554228 
302 1634157352560029 
303 1634157352566028 
304 1634157352586216 
305 1634157352586219 
306 1634157352586221 
307 1634157352592028 
308 1634157352598026 
309 1634157352604022 
310 1634157352610031 
311 1634157352616028 
312 1634157352632219 
313 1634157352632222 
314 1634157352632223 
315 1634157352656218 
316 1634157352656221 
317 1634157352656223 
318 1634157352664024 
319 1634157352672024 
320 1634157352680026 
321 1634157352686025 
322 1634157352694022 
323 1634157352702030 
324 1634157352708032 
325 1634157352716019 
326 1634157352724030 
327 1634157352730025 
328 1634157352738028 
329 1634157352738093 
330 1634157352746024 
331 1634157352752027 
332 1634157352760031 
333 1634157352766054 
334 1634157352774091 
335 1634157352780072 
336 1634157352788096 
337 1634157352794069 
338 1634157352802094 
339 1634157352808065 
340 1634157352816095 
341 1634157352822066 
342 1634157352830097 
343 1634157352836070 
344 1634157352844092 
345 1634157352844164 
346 1634157352850070 
347 1634157352858089 
348 1634157352864074 
349 1634157352870084 
350 1634157352878066 
351 1634157352884076 
352 1634157352890093 
353 1634157352898065 
354 1634157352904089 
355 1634157352910112 
356 1634157352918091 
357 1634157352924073 
358 1634157352930088 
359 1634157352936071 
360 1634157352944096 
361 1634157352944161 
362 1634157352950092 
363 1634157352956075 
364 1634157352962093 
365 1634157352970069 
366 1634157352976092 
367 1634157352982067 
368 1634157352988100 
369 1634157352994092 
370 1634157353000067 
371 1634157353006092 
372 1634157353012069 
373 1634157353018093 
374 1634157353024086 
375 1634157353030067 
376 1634157353036093 
377 1634157353036158 
378 1634157353042066 
379 1634157353048094 
380 1634157353054069 
381 1634157353060073 
382 1634157353066093 
383 1634157353072082 
384 1634157353078084 
385 1634157353084068 
386 1634157353088298 
387 1634157353094095 
388 1634157353100071 
389 1634157353106089 
390 1634157353112089 
391 1634157353118073 
392 1634157353122313 
393 1634157353122379 
394 1634157353128109 
395 1634157353134073 
396 1634157353140090 
397 1634157353144290 
398 1634157353150073 
399 1634157353156089 
400 1634157353162070 
401 1634157353166098 
402 1634157353172092 
403 1634157353178075 
404 1634157353182071 
405 1634157353188073 
406 1634157353194066 
407 1634157353198099 
408 1634157353204068 
409 1634157353204140 
410 1634157353210070 
411 1634157353214095 
412 1634157353220078 
413 1634157353224304 
414 1634157353230090 
415 1634157353236087 
416 1634157353240048 
417 1634157353246071 
418 1634157353250065 
419 1634157353256100 
420 1634157353260288 
421 1634157353266087 
422 1634157353270531 
423 1634157353276073 
424 1634157353280769 
425 1634157353280835 
426 1634157353286045 
427 1634157353291004 
428 1634157353296276 
429 1634157353300071 
430 1634157353305066 
431 1634157353310091 
432 1634157353316088 
433 1634157353320089 
434 1634157353326044 
435 1634157353330089 
436 1634157353336111 
437 1634157353340093 
438 1634157353344091 
439 1634157353350086 
440 1634157353354070 
441 1634157353354136 
442 1634157353360073 
443 1634157353364087 
444 1634157353368070 
445 1634157353374089 
446 1634157353378091 
447 1634157353382068 
448 1634157353388071 
449 1634157353392094 
450 1634157353396071 
451 1634157353402071 
452 1634157353406091 
453 1634157353410069 
454 1634157353416073 
455 1634157353420088 
456 1634157353424093 
457 1634157353424159 
458 1634157353430075 
459 1634157353434084 
460 1634157353438086 
461 1634157353442067 
462 1634157353448097 
463 1634157353452094 
464 1634157353456069 
465 1634157353460071 
466 1634157353466094 
467 1634157353470069 
468 1634157353474071 
469 1634157353478089 
470 1634157353484089 
471 1634157353488071 
472 1634157353492072 
473 1634157353492138 
474 1634157353496087 
475 1634157353500102 
476 1634157353520314 
477 1634157353520317 
478 1634157353520319 
479 1634157353520320 
480 1634157353526071 
481 1634157353530549 
482 1634157353536090 
483 1634157353540088 
484 1634157353546054 
485 1634157353550064 
486 1634157353556092 
487 1634157353560073 
488 1634157353566054 
489 1634157353566120 
490 1634157353570087 
491 1634157353574071 
492 1634157353580068 
493 1634157353584089 
494 1634157353590073 
495 1634157353594065 
496 1634157353598091 
497 1634157353604068 
498 1634157353608070 
499 1634157353614070 
500 1634157353618068 
501 1634157353622069 
502 1634157353628089 
503 1634157353632074 
504 1634157353636113 
505 1634157353636179 
506 1634157353642090 
507 1634157353646094 
508 1634157353650066 
509 1634157353656087 
510 1634157353660093 
511 1634157353664073 
512 1634157353670087 
513 1634157353674088 
514 1634157353678063 
515 1634157353684071 
516 1634157353688088 
517 1634157353692066 
518 1634157353698069 
519 1634157353702095 
520 1634157353706064 
521 1634157353706137 
522 1634157353712071 
523 1634157353716092 
524 1634157353720093 
525 1634157353724073 
526 1634157353730090 
527 1634157353734091 
528 1634157353738067 
529 1634157353744094 
530 1634157353748094 
531 1634157353752066 
532 1634157353756072 
533 1634157353762085 
534 1634157353766068 
535 1634157353770067 
536 1634157353774097 
537 1634157353774163 
538 1634157353780090 
539 1634157353784064 
540 1634157353788072 
541 1634157353792087 
542 1634157353796095 
543 1634157353802067 
544 1634157353806097 
545 1634157353810086 
546 1634157353814068 
547 1634157353820094 
548 1634157353824089 
549 1634157353828072 
550 1634157353832067 
551 1634157353836098 
552 1634157353840096 
553 1634157353840161 
554 1634157353846068 
555 1634157353850093 
556 1634157353854089 
557 1634157353856295 
558 1634157353860102 
559 1634157353864089 
560 1634157353868094 
561 1634157353872069 
562 1634157353876070 
563 1634157353878312 
564 1634157353882089 
565 1634157353886065 
566 1634157353888554 
567 1634157353892068 
568 1634157353896099 
569 1634157353896165 
570 1634157353898089 
571 1634157353902073 
572 1634157353906069 
573 1634157353922313 
574 1634157353922316 
575 1634157353922318 
576 1634157353922319 
577 1634157353922321 
578 1634157353922323 
579 1634157353926092 
580 1634157353930067 
581 1634157353932070 
582 1634157353936063 
583 1634157353940087 
584 1634157353942096 
585 1634157353942155 
586 1634157353946075 
587 1634157353950115 
588 1634157353952056 
589 1634157353956094 
590 1634157353958088 
591 1634157353962066 
592 1634157353964063 
593 1634157353968077 
594 1634157353970086 
595 1634157353974070 
596 1634157353976074 
597 1634157353980069 
598 1634157353982070 
599 1634157353984285 
600 1634157353988093 
601 1634157353988158 
602 1634157353990097 
603 1634157353994073 
604 1634157353996053 
605 1634157353998067 
606 1634157354002087 
607 1634157354004096 
608 1634157354006089 
609 1634157354008283 
610 1634157354012076 
611 1634157354014071 
612 1634157354016092 
613 1634157354018072 
614 1634157354022107 
615 1634157354024069 
616 1634157354026092 
617 1634157354026156 
618 1634157354028072 
619 1634157354030073 
620 1634157354034095 
621 1634157354036095 
622 1634157354038073 
623 1634157354040070 
624 1634157354042104 
625 1634157354044071 
626 1634157354046310 
627 1634157354048292 
628 1634157354052096 
629 1634157354054085 
630 1634157354056082 
631 1634157354058080 
632 1634157354060050 
633 1634157354060121 
634 1634157354062048 
635 1634157354064067 
636 1634157354066056 
637 1634157354068069 
638 1634157354070074 
639 1634157354072071 
640 1634157354074079 
641 1634157354090310 
642 1634157354094091 
643 1634157354094094 
644 1634157354094096 
645 1634157354094097 
646 1634157354094099 
647 1634157354094101 
648 1634157354094102 
649 1634157354094104 
650 1634157354096075 
651 1634157354098089 
652 1634157354100081 
653 1634157354102066 
654 1634157354104112 
655 1634157354106050 
656 1634157354108092 
657 1634157354110298 
658 1634157354114093 
659 1634157354116073 
660 1634157354118071 
661 1634157354132295 
662 1634157354132298 
663 1634157354132299 
664 1634157354132301 
665 1634157354132303 
666 1634157354132304 
667 1634157354132306 
668 1634157354132307 
669 1634157354136075 
670 1634157354138070 
671 1634157354140094 
672 1634157354142091 
673 1634157354144091 
674 1634157354146287 
675 1634157354150100 
676 1634157354164336 
677 1634157354164339 
678 1634157354164341 
679 1634157354164342 
680 1634157354164344 
681 1634157354164346 
682 1634157354164347 
683 1634157354168081 
684 1634157354170090 
685 1634157354172088 
686 1634157354174561 
687 1634157354178071 
688 1634157354180095 
689 1634157354182072 
690 1634157354184796 
691 1634157354188094 
692 1634157354190047 
693 1634157354192069 
694 1634157354194067 
695 1634157354198045 
696 1634157354200084 
697 1634157354200154 
698 1634157354202091 
699 1634157354204093 
700 1634157354206070 
701 1634157354208070 
702 1634157354210301 
703 1634157354214101 
704 1634157354216096 
705 1634157354218089 
706 1634157354220071 
707 1634157354222071 
708 1634157354224078 
709 1634157354226070 
710 1634157354228075 
711 1634157354230089 
712 1634157354232092 
713 1634157354232156 
714 1634157354234094 
715 1634157354236099 
716 1634157354236298 
717 1634157354238073 
718 1634157354240093 
719 1634157354242052 
720 1634157354242322 
721 1634157354244072 
722 1634157354246070 
723 1634157354246141 
724 1634157354248093 
725 1634157354250092 
726 1634157354250157 
727 1634157354252069 
728 1634157354252280 
729 1634157354252350 
730 1634157354254072 
731 1634157354254302 
732 1634157354256107 
733 1634157354256302 
734 1634157354258079 
735 1634157354260099 
736 1634157354260163 
737 1634157354262091 
738 1634157354262163 
739 1634157354262566 
740 1634157354264073 
741 1634157354264297 
742 1634157354266095 
743 1634157354266161 
744 1634157354268100 
745 1634157354268167 
746 1634157354268233 
747 1634157354270068 
748 1634157354270134 
749 1634157354272081 
750 1634157354272142 
751 1634157354272327 
752 1634157354274075 
753 1634157354274141 
754 1634157354276072 
755 1634157354276138 
756 1634157354278073 
757 1634157354278139 
758 1634157354278334 
759 1634157354280081 
760 1634157354280153 
761 1634157354280219 
762 1634157354282075 
763 1634157354282135 
764 1634157354284073 
765 1634157354284138 
766 1634157354286050 
767 1634157354286116 
768 1634157354286306 
769 1634157354288071 
770 1634157354288137 
771 1634157354290069 
772 1634157354290142 
773 1634157354290433 
774 1634157354292066 
775 1634157354292301 
776 1634157354294068 
777 1634157354294142 
778 1634157354294202 
779 1634157354296072 
780 1634157354296144 
781 1634157354296519 
782 1634157354298093 
783 1634157354298159 
784 1634157354300096 
785 1634157354300162 
786 1634157354300643 
787 1634157354302065 
788 1634157354302301 
789 1634157354304074 
790 1634157354304139 
791 1634157354306048 
792 1634157354316990 
793 1634157354318074 
794 1634157354318077 
795 1634157354318079 
796 1634157354318080 
797 1634157354318082 
798 1634157354318084 
799 1634157354318085 
800 1634157354318087 
801 1634157354318088 
802 1634157354318090 
803 1634157354318091 
804 1634157354318095 
805 1634157354318097 
806 1634157354320073 
807 1634157354320139 
808 1634157354322068 
809 1634157354322133 
810 1634157354322201 
811 1634157354322267 
812 1634157354324084 
813 1634157354324144 
814 1634157354326096 
815 1634157354326154 
816 1634157354327198 
817 1634157354328291 
818 1634157354330098 
819 1634157354330157 
820 1634157354330341 
821 1634157354332090 
822 1634157354332297 
823 1634157354334071 
824 1634157354334144 
825 1634157354346269 
826 1634157354346272 
827 1634157354346273 
828 1634157354346275 
829 1634157354346277 
830 1634157354346278 
831 1634157354346280 
832 1634157354346282 
833 1634157354346283 
834 1634157354346285 
835 1634157354346289 
836 1634157354346290 
837 1634157354346292 
838 1634157354346293 
839 1634157354347622 
840 1634157354349100 
841 1634157354349159 
842 1634157354351087 
843 1634157354351146 
844 1634157354353082 
845 1634157354353148 
846 1634157354355050 
847 1634157354355116 
848 1634157354356503 
849 1634157354357836 
850 1634157354357908 
851 1634157354359045 
852 1634157354361050 
853 1634157354361115 
854 1634157354363030 
855 1634157354363094 
856 1634157354365029 
857 1634157354365096 
858 1634157354365163 
859 1634157354366697 
860 1634157354368032 
861 1634157354368105 
862 1634157354369231 
863 1634157354371026 
864 1634157354371089 
865 1634157354373024 
866 1634157354373097 
867 1634157354375027 
868 1634157354375088 
869 1634157354376878 
870 1634157354376946 
871 1634157354378036 
872 1634157354379424 
873 1634157354379490 
874 1634157354381024 
875 1634157354381086 
876 1634157354383022 
877 1634157354383092 
878 1634157354385027 
879 1634157354385088 
880 1634157354387024 
881 1634157354387100 
882 1634157354388205 
883 1634157354389616 
884 1634157354389678 
885 1634157354391031 
886 1634157354393022 
887 1634157354393092 
888 1634157354395024 
889 1634157354395094 
890 1634157354395154 
891 1634157354397028 
892 1634157354397088 
893 1634157354398387 
894 1634157354399809 
895 1634157354399873 
896 1634157354401037 
897 1634157354403035 
898 1634157354403096 
899 1634157354403266 
900 1634157354405031 
901 1634157354405209 
902 1634157354407022 
903 1634157354407212 
904 1634157354408567 
905 1634157354408634 
906 1634157354409994 
907 1634157354410062 
908 1634157354411022 
909 1634157354413026 
910 1634157354413088 
911 1634157354415026 
912 1634157354415094 
913 1634157354417023 
914 1634157354417086 
915 1634157354418756 
916 1634157354418823 
917 1634157354420027 
918 1634157354421212 
919 1634157354421279 
920 1634157354423026 
921 1634157354423088 
922 1634157354423218 
923 1634157354425023 
924 1634157354425091 
925 1634157354427024 
926 1634157354427085 
927 1634157354428946 
928 1634157354429012 
929 1634157354430024 
930 1634157354431405 
931 1634157354431473 
932 1634157354433022 
933 1634157354433213 
934 1634157354435029 
935 1634157354435088 
936 1634157354437029 
937 1634157354437089 
938 1634157354437159 
939 1634157354439025 
940 1634157354439092 
941 1634157354440201 
942 1634157354441598 
943 1634157354441662 
944 1634157354443026 
945 1634157354443393 
946 1634157354445024 
947 1634157354445085 
948 1634157354447026 
949 1634157354447095 
950 1634157354449024 
951 1634157354460570 
952 1634157354460574 
953 1634157354460577 
954 1634157354460579 
955 1634157354460582 
956 1634157354460584 
957 1634157354460586 
958 1634157354460589 
959 1634157354460591 
960 1634157354460595 
961 1634157354460597 
962 1634157354460598 
963 1634157354460600 
964 1634157354460630 
965 1634157354461980 
966 1634157354463031 
967 1634157354465037 
968 1634157354465097 
969 1634157354465165 
970 1634157354467032 
971 1634157354467101 
972 1634157354469029 
973 1634157354469090 
974 1634157354470762 
975 1634157354470831 
976 1634157354472021 
977 1634157354473212 
978 1634157354475024 
979 1634157354475087 
980 1634157354475342 
981 1634157354477021 
982 1634157354479026 
983 1634157354479087 
984 1634157354480950 
985 1634157354481018 
986 1634157354481079 
987 1634157354482021 
988 1634157354483400 
989 1634157354483468 
990 1634157354485025 
991 1634157354485263 
992 1634157354487023 
993 1634157354487198 
994 1634157354489025 
995 1634157354489216 
996 1634157354491020 
997 1634157354491141 
998 1634157354492209 
999 1634157354493593 
