m_iPayloadSize:  8956
server is ready at port: 9000
m_iPayloadSize:  8956
new connection: 192.168.154.32:52488
0  76159
1  100324
2  99497
3  830
4  98999
5  877
6  103294
7  7
8  6
9  7
10  6
11  6
12  7
13  102540
14  3645
15  2223
16  2294
17  3629
18  2197
19  3649
20  2295
21  2231
22  3557
23  2185
24  3619
25  2328
26  2226
27  3633
28  2263
29  3644
30  2222
31  2236
32  3513
33  102569
34  9
35  8
36  8
37  13589
38  8
39  3704
40  8
41  8
42  12327
43  9
44  8
45  9
46  8
47  8
48  8
49  19589
50  8
51  9
52  8
53  8
54  8
55  7
56  8
57  9
58  9
59  8
60  26335
61  9
62  8
63  9
64  9
65  8
66  19626
67  8
68  9
69  4077
70  8
71  1209901
72  10
73  8
74  9
75  8
76  9
77  8
78  8
79  9
80  9
81  8
82  8
83  8
84  9
85  9
86  9
87  9
88  9
89  8
90  10
91  9
92  8
93  9
94  8
95  9
96  8
97  8
98  8
99  9
100  9
101  8
102  9
103  9
104  9
105  9
106  8
107  9
108  9
109  8
110  9
111  8
112  9
113  9
114  8
115  8
116  15
117  9
118  8
119  9
120  8
121  10
122  8
123  9
124  8
125  8
126  9
127  9
128  9
129  8
130  8
131  9
132  9
133  8
134  8
135  8
136  8
137  8
138  9
139  8
140  9
141  9
142  8
143  9
144  9
145  8
146  8
147  8
148  9
149  9
150  9
151  8
152  10
153  8
154  7
155  8
156  9
157  8
158  8
159  8
160  8
161  8
162  8
163  8
164  8
165  8
166  8
167  7
168  8
169  8
170  7
171  8
172  6
173  134906
174  35982
175  36012
176  35981
177  38021
178  33983
179  36001
180  32004
181  33998
182  27998
183  23999
184  23972
185  24017
186  20010
187  19968
188  110002
189  6
190  6
191  7
192  7
193  82300
194  37663
195  20019
196  19982
197  22019
198  20012
199  17961
200  120251
201  6
202  32100
203  17956
204  7
205  7
206  53787
207  19977
208  19914
209  21978
210  18013
211  19999
212  124092
213  6
214  6
215  7
216  6
217  6
218  207940
219  7
220  6
221  6
222  6
223  7
224  111881
225  20002
226  18001
227  17997
228  17980
229  20015
230  24003
231  16096
232  17896
233  120100
234  6
235  6
236  6
237  7
238  96114
239  13731
240  18013
241  18100
242  17898
243  118002
244  6
245  6
246  8
247  7
248  6
249  115955
250  16000
251  17999
252  114003
253  6
254  6
255  7
256  7
257  7
258  113946
259  16084
260  17918
261  18014
262  17975
263  118051
264  7
265  6
266  8
267  7
268  6
269  105862
270  110185
271  6
272  7
273  6
274  6
275  6
276  113796
277  18100
278  17914
279  18003
280  17980
281  30000
282  16100
283  16018
284  15893
285  18003
286  17981
287  30020
288  214176
289  6
290  6
291  8
292  7
293  6
294  109747
295  14004
296  13996
297  14098
298  14003
299  47896
300  12125
301  15891
302  12001
303  12078
304  13891
305  48000
306  12023
307  13997
308  12004
309  12116
310  32195
311  225064
312  7
313  6
314  8
315  7
316  7
317  105400
318  10092
319  11894
320  10109
321  11886
322  10083
323  62097
324  11812
325  11996
326  106011
327  7
328  6
329  6
330  94288
331  9675
332  11973
333  11998
334  12024
335  55990
336  11981
337  14099
338  11919
339  10102
340  11891
341  56098
342  10089
343  13814
344  12001
345  9967
346  108176
347  6
348  6
349  7
350  7
351  1920
352  98220
353  111824
354  7
355  7
356  8
357  8
358  7
359  8
360  8
361  6
362  6
363  1767
364  12014
365  10183
366  11776
367  10131
368  11892
369  11979
370  10094
371  11920
372  10118
373  11855
374  112017
375  10113
376  6
377  7
378  27883
379  7
380  7
381  7
382  7
383  406053
384  9
385  8
386  8
387  8
388  8
389  8
390  7
391  8
392  8
393  8
394  8
395  7
396  8
397  8
398  7
399  7
400  7
401  6
402  213731
403  6
404  49989
405  7
406  7
407  6
408  7
409  29971
410  25991
411  27998
412  25977
413  28004
414  24013
415  21999
416  19997
417  22003
418  17993
419  214182
420  6
421  6
422  6
423  7
424  7
425  101760
426  18015
427  16001
428  17997
429  17979
430  16017
431  19994
432  19983
433  18118
434  15893
435  16106
436  18007
437  22083
438  21781
439  110167
440  6
441  7
442  7
443  7
444  302380
445  7
446  6
447  7
448  6
449  7
450  113395
451  116092
452  100126
453  6
454  7
455  7
456  7
457  111838
458  7900
459  20018
460  18970
461  22006
462  41027
463  108061
464  22263
465  21029
466  25855
467  6
468  36714
469  26015
470  23000
471  124250
472  7
473  6
474  7
475  6
476  3722
477  105969
478  20017
479  20001
480  18081
481  109982
482  6
483  6
484  73920
485  8
486  216080
487  7
488  8
489  7
490  7
491  96168
492  111881
493  7
494  7
495  7
496  19796
497  33975
498  72018
499  27979
500  24023
501  25989
502  23996
503  20244
504  21755
505  19993
506  20002
507  23978
508  114086
509  22229
510  6
511  6
512  6
513  77844
514  19785
515  17995
516  18005
517  19998
518  17997
519  27995
520  18000
521  117998
522  6
523  6
524  6
525  7
526  6
527  111961
528  15994
529  17997
530  16002
531  15997
532  134277
533  6
534  24015
535  7
536  7
537  7
538  85713
539  15998
540  17999
541  17972
542  16002
543  32134
544  19887
545  18095
546  15981
547  17920
548  13994
549  34107
550  15894
551  18076
552  15899
553  15994
554  24418
555  23705
556  19892
557  14105
558  17877
559  14092
560  34148
561  25772
562  215561
563  6
564  7
565  6
566  6
567  107404
568  10085
569  11888
570  10129
571  9998
572  65890
573  11998
574  9998
575  10080
576  10027
577  63971
578  13889
579  8130
580  9998
581  9978
582  9917
583  8153
584  9929
585  107996
586  12115
587  6
588  7
589  8
590  8
591  8
592  7
593  7
594  7
595  6
596  7
597  7
598  9679
599  10030
600  9969
601  10020
602  10004
603  8104
604  9992
605  116007
606  7
607  7
608  8
609  7
610  8
611  1033961
612  9
613  9
614  9
615  9
616  8
617  9
618  9
619  10
620  8
621  9
622  8
623  10
624  8
625  8
626  8
627  9
628  9
629  9
630  8
631  8
632  8
633  8
634  8
635  8
636  9
637  8
638  9
639  7
640  8
641  9
642  9
643  8
644  9
645  9
646  9
647  8
648  9
649  8
650  9
651  8
652  8
653  8
654  8
655  11
656  8
657  9
658  8
659  9
660  8
661  9
662  8
663  9
664  8
665  7
666  9
667  8
668  8
669  8
670  9
671  8
672  8
673  7
674  8
675  7
676  8
677  139241
678  42000
679  39997
680  35982
681  132249
682  6
683  41798
684  8
685  8
686  6
687  17884
688  23995
689  28004
690  24018
691  24000
692  114111
693  7
694  6
695  6
696  6
697  11858
698  20017
699  85993
700  17983
701  20013
702  19998
703  17979
704  213586
705  6
706  7
707  6
708  6
709  6
710  113395
711  18001
712  17995
713  17997
714  18002
715  17971
716  18024
717  18110
718  17892
719  116085
720  6
721  7
722  40470
723  7
724  6
725  69404
726  16098
727  17896
728  17983
729  18022
730  16101
731  25890
732  17974
733  17997
734  122074
735  6
736  6
737  44154
738  7
739  7
740  59714
741  15999
742  15997
743  18100
744  15898
745  16000
746  32020
747  15997
748  14001
749  124018
750  6
751  6
752  6
753  6
754  6
755  109958
756  412107
757  7
758  6
759  8
760  7
761  224080
762  11875
763  8
764  56175
765  8
766  7
767  69692
768  31975
769  34019
770  30000
771  27996
772  26006
773  25990
774  21795
775  26103
776  23897
777  19992
778  22008
779  17992
780  19981
781  124228
782  6
783  7
784  6
785  6
786  6
787  109742
788  14101
789  17878
790  14104
791  15892
792  39998
793  17999
794  13999
795  15995
796  13999
797  32123
798  29897
799  104314
800  16049
801  11978
802  7
803  7
804  77613
805  20021
806  19997
807  17974
808  18028
809  36021
810  23969
811  17978
812  15990
813  18026
814  17996
815  40233
816  15766
817  15996
818  14104
819  15902
820  41996
821  122095
822  6
823  7
824  405964
825  7
826  6
827  7
828  7
829  127882
830  25976
831  28003
832  26015
833  27997
834  231564
835  7
836  7
837  7
838  7
839  105390
840  20003
841  21983
842  22010
843  19987
844  20012
845  32100
846  19885
847  18013
848  15982
849  118010
850  6
851  6
852  7
853  7
854  6
855  112069
856  17868
857  16125
858  16000
859  17898
860  32245
861  17731
862  14093
863  15921
864  15991
865  15995
866  36112
867  18006
868  13887
869  16005
870  14091
871  125874
872  6
873  7
874  7
875  7
876  6
877  108079
878  102266
879  21940
880  78187
881  7
882  6
883  7459
884  12106
885  87907
886  104099
887  6
888  6
889  6
890  1883
891  105978
892  12091
893  15895
894  13998
895  12112
896  46031
897  196150
898  7
899  6
900  7
901  7
902  7
903  107784
904  134224
905  7
906  7
907  7
908  6
909  6
910  105731
911  15891
912  14000
913  16000
914  112101
915  6
916  58071
917  7
918  7
919  7
920  53744
921  16107
922  37887
923  14114
924  15887
925  17995
926  116186
927  6
928  7
929  7
930  7
931  6
932  103773
933  16000
934  12096
935  13998
936  14005
937  15891
938  41996
939  110158
940  6
941  6
942  8
943  6
944  100068
945  15766
946  12101
947  113985
948  6
949  6
950  7
951  7
952  103893
953  108294
954  7
955  7
956  7
957  7
958  5674
959  206074
960  6
961  26262
962  14005
963  6
964  6
965  75601
966  16022
967  518085
968  7
969  6
970  6
971  7
972  107872
973  37977
974  32018
975  128090
976  6
977  6
978  6
979  19886
980  100005
981  27988
982  26006
983  25999
984  113992
985  7
986  36280
987  7
988  7
989  87687
990  23983
991  23994
992  24013
993  26003
994  21974
995  110204
996  6
997  6
998  6
999  6
1000  107783
1001  19992
1002  17986
1003  18022
1004  18009
1005  29980
1006  17997
1007  16085
1008  110238
1009  19966
1010  6
1011  7
1012  6
1013  80155
1014  17530
1015  213564
1016  6
1017  7
1018  6
1019  6
1020  109463
1021  19893
1022  15998
1023  16097
1024  17899
1025  35995
1026  18001
1027  416126
1028  6
1029  6
1030  8
1031  7
1032  6
1033  125852
1034  26035
1035  25979
1036  27995
1037  26005
1038  23999
1039  21972
1040  124018
1041  6
1042  38192
1043  7
1044  7
1045  7
1046  75750
1047  20017
1048  118227
1049  7
1050  6
1051  6
1052  6
1053  7
1054  105728
1055  110197
1056  6
1057  6
1058  6
1059  76065
1060  27802
1061  21908
1062  17985
1063  20018
1064  17991
1065  20001
1066  25977
1067  18016
1068  218087
1069  7
1070  6
1071  7
1072  7
1073  7
1074  111872
1075  15993
1076  16002
1077  114047
1078  6
1079  6
1080  7
1081  6
1082  305481
1083  8
1084  8
1085  7
1086  6
1087  6
1088  105447
1089  19922
1090  18097
1091  18006
1092  19916
1093  18080
1094  26023
1095  119985
1096  6
1097  6
1098  7
1099  7
1100  84146
1101  122023
1102  7
1103  7
1104  7
1105  7
1106  111660
1107  19983
1108  20097
1109  22000
1110  21914
1111  20001
1112  19994
1113  20075
1114  19924
1115  18100
1116  17879
1117  22021
1118  18094
1119  19884
1120  212101
1121  6
1122  6
1123  7
1124  7
1125  6
1126  107872
1127  110184
1128  7
1129  7
1130  7
1131  7
1132  6
1133  117581
1134  16002
1135  16002
1136  15962
1137  18028
1138  15991
1139  27998
1140  15999
1141  15996
1142  14111
1143  15892
1144  152343
1145  6
1146  100145
1147  7
1148  7
1149  6
1150  9475
1151  15994
1152  85998
1153  15999
1154  15979
1155  14000
1156  15996
1157  38128
1158  213975
1159  6
1160  6
1161  7
1162  7
1163  6
1164  105961
1165  15889
1166  13992
1167  14007
1168  14008
1169  42004
1170  17977
1171  16032
1172  12059
1173  13999
1174  12032
1175  41909
1176  15986
1177  15988
1178  12002
1179  216359
1180  7
1181  6
1182  7
1183  7
1184  7
1185  205839
1186  100129
1187  6
1188  7
1189  7
1190  7
1191  3595
1192  106100
1193  111888
1194  100109
1195  6
1196  6
1197  8
1198  7
1199  9960
1200  106002
1201  19894
1202  113973
1203  6
1204  7
1205  6
1206  6
1207  6
1208  115941
1209  20028
1210  16100
1211  18011
1212  17899
1213  22245
1214  17761
1215  19964
1216  136208
1217  6
1218  6
1219  7
1220  6
1221  101785
1222  18095
1223  17898
1224  17995
1225  214058
1226  7
1227  7
1228  8
1229  7
1230  6
1231  110003
1232  17892
1233  19999
1234  17998
1235  16098
1236  17884
1237  26013
1238  15980
1239  18019
1240  16223
1241  17954
1242  16189
1243  27630
1244  110097
1245  6
1246  6
1247  7
1248  7
1249  100075
1250  15772
1251  12137
1252  14007
1253  15845
1254  13139
1255  49006
1256  13894
1257  13981
1258  12077
1259  14921
1260  38993
1261  22100
1262  11998
1263  11893
1264  114090
1265  6
1266  7
1267  6
1268  86182
1269  6
1270  19792
1271  11899
1272  11995
1273  11994
1274  51968
1275  10106
1276  112019
1277  6
1278  26139
1279  7
1280  52199
1281  7
1282  33643
1283  13894
1284  12099
1285  13893
1286  38088
1287  110152
1288  6
1289  6
1290  50076
1291  7
1292  7
1293  59756
1294  11983
1295  13899
1296  18106
1297  13994
1298  11998
1299  40153
1300  115734
1301  10317
1302  7
1303  7
1304  7
1305  75960
1306  19695
1307  11999
1308  11977
1309  12097
1310  48019
1311  11997
1312  19980
1313  14023
1314  11898
1315  45995
1316  12083
1317  17910
1318  14111
1319  13974
1320  41895
1321  10014
1322  9997
1323  9984
1324  8270
1325  11761
1326  8069
1327  9913
1328  9978
1329  9989
1330  110101
1331  6
1332  6
1333  7
1334  7
1335  7
1336  7
1337  6
1338  8
1339  8
1340  7
1341  1952
1342  9986
1343  11878
1344  120096
1345  6
1346  7
1347  7
1348  36103
1349  9
1350  7
1351  7
1352  7
1353  8
1354  7
1355  7
1356  7
1357  3694
1358  12032
1359  106095
1360  7
1361  7
1362  7
1363  7
1364  6
1365  8
1366  7
1367  7
1368  13832
1369  14005
1370  11992
1371  12087
1372  13704
1373  13996
1374  12012
1375  12105
1376  13898
1377  12095
1378  13894
1379  12002
1380  10123
1381  13868
1382  10083
1383  11999
1384  11890
1385  10131
1386  11892
1387  10103
1388  10008
1389  11859
1390  9992
1391  10113
1392  115890
1393  7
1394  20018
1395  8
1396  7
1397  7
1398  54251
1399  8
1400  8
1401  7
1402  7
1403  7
1404  6
1405  8
1406  7
1407  6
1408  6
1409  135775
1410  7
1411  7
1412  7
1413  7
1414  7
1415  6
1416  7
1417  6
1418  6
1419  88
1420  11680
1421  12005
1422  9969
1423  10103
1424  10021
1425  11997
1426  9979
1427  11891
1428  814155
1429  9
1430  8
1431  8
1432  8
1433  9
1434  8
1435  8
1436  7
1437  8
1438  8
1439  8
1440  8
1441  9
1442  8
1443  8
1444  8
1445  8
1446  7
1447  8
1448  8
1449  7
1450  8
1451  9
1452  8
1453  8
1454  9
1455  9
1456  8
1457  8
1458  8
1459  8
1460  8
1461  8
1462  8
1463  8
1464  8
1465  7
1466  216605
1467  7
1468  73894
1469  28000
1470  25982
1471  24017
1472  25996
1473  26003
1474  21975
1475  124092
1476  7
1477  6
1478  7
1479  67898
1480  8
1481  8
1482  7
1483  7
1484  90049
1485  7
1486  76001
1487  8
1488  7
1489  7
1490  6
1491  98166
1492  6
1493  7
1494  9640
1495  27996
1496  26000
1497  27999
1498  25994
1499  23999
1500  24000
1501  120043
1502  6
1503  6
1504  7
1505  7
1506  7
1507  113937
1508  20019
1509  19980
1510  18019
1511  17995
1512  22204
1513  111958
1514  7
1515  6
1516  7
1517  7
1518  101803
1519  17994
1520  15981
1521  18025
1522  115978
1523  7
1524  7
1525  7
1526  7
1527  7
1528  111967
1529  17990
1530  16009
1531  16101
1532  215458
1533  7
1534  6
1535  7
1536  7
1537  100075
1538  17280
1539  16002
1540  104296
1541  6
1542  7
1543  7
1544  7
1545  100137
1546  111764
1547  7
1548  6
1549  7
1550  7
1551  7
1552  113775
1553  19979
1554  17984
1555  18014
1556  18003
1557  24190
1558  19796
1559  19977
1560  16007
1561  18011
1562  18009
1563  23995
1564  17972
1565  106067
1566  6
1567  6
1568  62456
1569  7
1570  39429
1571  16105
1572  15998
1573  17912
1574  22024
1575  15994
1576  28078
1577  17917
1578  14107
1579  115005
1580  6
1581  6
1582  53453
1583  8
1584  58506
1585  7904
1586  16000
1587  25081
1588  16020
1589  17917
1590  28993
1591  15997
1592  22980
1593  15998
1594  14096
1595  31064
1596  17852
1597  21135
1598  15834
1599  16109
1600  20915
1601  27999
1602  110260
1603  6
1604  7
1605  62022
1606  7
1607  43770
1608  13886
1609  14106
1610  28354
1611  13619
1612  132206
1613  6
1614  7
1615  7
1616  6
1617  79930
1618  29808
1619  115985
1620  6
1621  6
1622  6
1623  64250
1624  43655
1625  19999
1626  16114
1627  17895
1628  18012
1629  30019
1630  188177
1631  7
1632  6
1633  7
1634  7
1635  100138
1636  17619
1637  18001
1638  16003
1639  15988
1640  15983
1641  42019
1642  16097
1643  15905
1644  14018
1645  15950
1646  38028
1647  15976
1648  13999
1649  15995
1650  13997
1651  110171
1652  7
1653  6
1654  6
1655  7
1656  3795
1657  208201
1658  7
1659  7
1660  7
1661  6
1662  6
1663  103869
1664  110146
1665  6
1666  7
1667  6
1668  90023
1669  11690
1670  14102
1671  15896
1672  13998
1673  16017
1674  37956
1675  18026
1676  15993
1677  15982
1678  12013
1679  34000
1680  19995
1681  15975
1682  16111
1683  15893
1684  28021
1685  14211
1686  20009
1687  18067
1688  16033
1689  30495
1690  11402
1691  15951
1692  21792
1693  18016
1694  114274
1695  6
1696  6
1697  6
1698  7
1699  101688
1700  10084
1701  112115
1702  6
1703  6
1704  6
1705  6
1706  7866
1707  101899
1708  110076
1709  6
1710  6
1711  35998
1712  7
1713  8
1714  6
1715  7
1716  1871
1717  73991
1718  11999
1719  11996
1720  11999
1721  12108
1722  11976
1723  114009
1724  6
1725  6
1726  6
1727  7
1728  7
1729  7
1730  7
1731  7
1732  1839
1733  12098
1734  12000
1735  11981
1736  11994
1737  13895
1738  12018
1739  12008
1740  112057
1741  7
1742  6
1743  7
1744  7
1745  7
1746  7
1747  7
1748  7
1749  1945
1750  11998
1751  11892
1752  12021
1753  12107
1754  11981
1755  11935
1756  35954
1757  12010
1758  11995
1759  106116
1760  7
1761  7
1762  8
1763  8
1764  7
1765  7
1766  79930
1767  8
1768  21984
1769  8
1770  7
1771  7
1772  7
1773  8
1774  7
1775  8
1776  6
1777  3810
1778  12102
1779  13890
1780  11983
1781  13995
1782  11999
1783  12098
1784  12000
1785  14000
1786  11994
1787  12010
1788  11896
1789  120194
1790  7
1791  6
1792  6
1793  6
1794  7
1795  7
1796  69984
1797  7
1798  7
1799  8
1800  7
1801  6
1802  33761
1803  10103
1804  11895
1805  12001
1806  11989
1807  10094
1808  11908
1809  11977
1810  116096
1811  7
1812  22087
1813  7
1814  9
1815  7
1816  8
1817  7
1818  7
1819  7
1820  7
1821  7
1822  1845
1823  81877
1824  10126
1825  13890
1826  9995
1827  10099
1828  11876
1829  12021
1830  10002
1831  10081
1832  11896
1833  10191
1834  119996
1835  7
1836  7
1837  7
1838  31968
1839  1055891
1840  9
1841  8
1842  8
1843  7
1844  8
1845  9
1846  8
1847  8
1848  8
1849  8
1850  8
1851  8
1852  8
1853  8
1854  8
1855  8
1856  8
1857  8
1858  8
1859  8
1860  8
1861  8
1862  8
1863  9
1864  8
1865  8
1866  8
1867  9
1868  8
1869  8
1870  8
1871  8
1872  8
1873  8
1874  8
1875  8
1876  8
1877  8
1878  8
1879  9
1880  8
1881  9
1882  8
1883  8
1884  8
1885  8
1886  8
1887  8
1888  8
1889  8
1890  7
1891  8
1892  7
1893  7
1894  7
1895  9
1896  7
1897  8
1898  8
1899  7
1900  8
1901  7
1902  7
1903  135340
1904  36010
1905  41964
1906  34018
1907  30001
1908  27993
1909  27997
1910  24004
1911  21992
1912  20004
1913  21996
1914  20001
1915  18000
1916  17990
1917  17984
1918  16119
1919  118002
1920  6
1921  6
1922  6
1923  7
1924  7
1925  6
1926  113848
1927  16000
1928  118084
1929  7
1930  6
1931  7
1932  7
1933  7
1934  103676
1935  18082
1936  18017
1937  19893
1938  17976
1939  18016
1940  18004
1941  19974
1942  16010
1943  18003
1944  16010
1945  19964
1946  18021
1947  19993
1948  16107
1949  15992
1950  17883
1951  20123
1952  15882
1953  221567
1954  7
1955  7
1956  7
1957  8
1958  8
1959  113386
1960  12104
1961  13991
1962  13897
1963  13984
1964  47983
1965  14028
1966  12092
1967  11996
1968  13899
1969  47981
1970  12010
1971  14004
1972  11996
1973  12006
1974  10108
1975  41866
1976  18001
1977  12110
1978  18067
1979  10005
1980  10148
1981  31773
1982  25880
1983  10195
1984  13924
1985  111978
1986  19918
1987  6
1988  38072
1989  8
1990  8
1991  8
1992  7
1993  7
1994  7
1995  8
1996  8
1997  7
1998  95920
1999  8
2000  8
2001  7
2002  7
2003  53981
2004  8
2005  13954
2006  15930
2007  10099
2008  7
2009  8
2010  7
2011  6
2012  7
2013  7
2014  7
2015  7
2016  3831
2017  525987
2018  9
2019  7
2020  8
2021  8
2022  7
2023  8
2024  8
2025  8
2026  8
2027  7
2028  8
2029  7
2030  8
2031  7
2032  7
2033  8
2034  7
2035  7
2036  6
2037  6
2038  6
2039  7
2040  6
2041  6
2042  115801
2043  125979
2044  6
2045  6
2046  7
2047  31989
2048  33979
2049  36018
2050  32005
2051  31975
2052  130016
2053  6
2054  58087
2055  7
2056  6
2057  21866
2058  38016
2059  38003
2060  39999
2061  124097
2062  7
2063  6
2064  33882
2065  82010
2066  39982
2067  39997
2068  39998
2069  42001
2070  110093
2071  6
2072  6
2073  100084
2074  29794
2075  28003
2076  27995
2077  29998
2078  23998
2079  24003
2080  23994
2081  24002
2082  23994
2083  19995
2084  19986
2085  20018
2086  121968
2087  6
2088  6
2089  6
2090  7
2091  7
2092  112061
2093  17924
2094  15997
2095  15983
2096  16012
2097  116401
2098  6
2099  6
2100  7
2101  7
2102  101520
2103  15992
2104  16000
2105  16009
2106  15984
2107  14102
2108  35918
2109  207588
2110  6
2111  7
2112  7
2113  7
2114  107429
2115  13073
2116  15894
2117  14082
2118  15915
2119  13974
2120  150222
2121  6
2122  6
2123  6
2124  7
2125  3780
2126  105989
2127  116245
2128  7
2129  7
2130  7
2131  7
2132  3714
2133  106097
2134  17895
2135  17999
2136  15981
2137  20020
2138  27998
2139  211565
2140  6
2141  6
2142  7
2143  6
2144  105393
2145  120219
2146  7
2147  7
2148  7
2149  6
2150  3728
2151  112015
2152  21999
2153  24008
2154  19994
2155  21993
2156  21979
2157  22016
2158  21980
2159  20019
2160  20018
2161  23974
2162  19983
2163  20019
2164  20019
2165  116048
2166  6
2167  6
2168  460014
2169  8
2170  7
2171  6
2172  7
2173  7
2174  267854
2175  57998
2176  49974
2177  44019
2178  34001
2179  31991
2180  26234
2181  29999
2182  37760
2183  22010
2184  21988
2185  23996
2186  221576
2187  9
2188  8
2189  8
2190  8
2191  113360
2192  18016
2193  19990
2194  110004
2195  6
2196  6
2197  74346
2198  6
2199  37622
2200  20106
2201  23891
2202  24002
2203  19994
2204  18103
2205  21894
2206  18002
2207  15997
2208  21994
2209  20123
2210  19977
2211  19895
2212  15994
2213  17987
2214  20122
2215  23972
2216  15922
2217  20108
2218  15989
2219  17979
2220  20019
2221  25893
2222  217565
2223  6
2224  6
2225  6
2226  6
2227  101401
2228  11993
2229  12098
2230  11895
2231  118094
2232  7
2233  6
2234  7
2235  7
2236  101879
2237  12094
2238  11997
2239  11997
2240  11897
2241  50315
2242  21784
2243  11894
2244  12002
2245  12099
2246  42363
2247  27616
2248  12015
2249  13891
2250  10013
2251  9989
2252  56083
2253  15912
2254  11987
2255  12125
2256  8134
2257  9851
2258  120196
2259  7
2260  100175
2261  7
2262  8
2263  8
2264  8
2265  8
2266  8
2267  7
2268  8
2269  9
2270  11417
2271  96101
2272  9873
2273  10129
2274  525935
2275  7
2276  7
2277  8
2278  7
2279  7
2280  6
2281  6
2282  7
2283  6
2284  7
2285  123869
2286  104336
2287  6
2288  6
2289  6
2290  13637
2291  128074
2292  6
2293  7
2294  6
2295  1907
2296  23987
2297  124090
2298  7
2299  74211
2300  7
2301  7
2302  6
2303  29643
2304  114110
2305  7
2306  6
2307  13890
2308  27997
2309  166069
2310  7
2311  7
2312  6
2313  6
2314  15910
2315  103981
2316  23992
2317  26015
2318  21978
2319  24007
2320  21993
2321  21978
2322  20026
2323  17980
2324  17986
2325  18089
2326  21893
2327  20099
2328  17897
2329  19999
2330  18000
2331  17999
2332  216153
2333  6
2334  6
2335  7
2336  6
2337  7
2338  111846
2339  14096
2340  16003
2341  17905
2342  116223
2343  7
2344  6
2345  6
2346  7
2347  6
2348  105723
2349  16005
2350  14078
2351  15891
2352  15997
2353  34029
2354  15989
2355  14239
2356  15728
2357  14261
2358  15958
2359  34021
2360  115883
2361  7
2362  7
2363  7
2364  6
2365  7
2366  109747
2367  117965
2368  7
2369  6
2370  6
2371  7
2372  103885
2373  14090
2374  13898
2375  13150
2376  13973
2377  510012
2378  7
2379  6
2380  7
2381  6
2382  6
2383  127856
2384  36001
2385  37982
2386  140058
2387  6
2388  6
2389  74193
2390  6
2391  43736
2392  25999
2393  28000
2394  128092
2395  18376
2396  6
2397  6
2398  6
2399  91496
2400  21978
2401  24033
2402  21994
2403  21987
2404  24004
2405  23996
2406  19996
2407  120188
2408  6
2409  7
2410  6
2411  6
2412  6
2413  107876
2414  15993
2415  15999
2416  17897
2417  16079
2418  29898
2419  20022
2420  114098
2421  6
2422  6
2423  6
2424  6
2425  3861
2426  107959
2427  14097
2428  15900
2429  15997
2430  14096
2431  41899
2432  14097
2433  15901
2434  14021
2435  14001
2436  32015
2437  108441
2438  6
2439  6
2440  7
2441  7
2442  3524
2443  106077
2444  114009
2445  7
2446  6
2447  6
2448  7
2449  103982
2450  13815
2451  13894
2452  13997
2453  13982
2454  14013
2455  44106
2456  13894
2457  14003
2458  13975
2459  14001
2460  176306
2461  6
2462  6
2463  6
2464  7
2465  35901
2466  69757
2467  14089
2468  15923
2469  117993
2470  7
2471  6
2472  7
2473  7
2474  86270
2475  23679
2476  18015
2477  17999
2478  18010
2479  27984
2480  16083
2481  21919
2482  108553
2483  6
2484  5
2485  6
2486  7
2487  103491
2488  15900
2489  16006
2490  14105
2491  15897
2492  34813
2493  23164
2494  13993
2495  14023
2496  13995
2497  174360
2498  6
2499  6
2500  7
2501  25815
2502  7
2503  79870
2504  15920
2505  15988
2506  14001
2507  14080
2508  34511
2509  17413
2510  111968
2511  6
2512  6
2513  7
2514  6
2515  6
2516  105981
2517  14087
2518  13986
2519  13895
2520  14009
2521  40030
2522  17984
2523  12103
2524  13889
2525  14010
2526  13997
2527  164317
2528  6
2529  6
2530  7
2531  7
2532  8
2533  105711
2534  15925
2535  15993
2536  14097
2537  17900
2538  132200
2539  6
2540  7
2541  7
2542  7
2543  6
2544  100125
2545  115629
2546  7
2547  7
2548  6
2549  6
2550  7
2551  112064
2552  15970
2553  17913
2554  16000
2555  16005
2556  35989
2557  16104
2558  15880
2559  13994
2560  15998
2561  15998
2562  36121
2563  21999
2564  11999
2565  14010
2566  15881
2567  24125
2568  29855
2569  18119
2570  18003
2571  114056
2572  6
2573  7
2574  6
2575  6
2576  103801
2577  11993
2578  10109
2579  115988
2580  6
2581  7
2582  7
2583  6
2584  6
2585  111855
2586  12000
2587  11999
2588  11998
2589  11975
2590  56130
2591  11889
2592  114102
2593  22104
2594  6
2595  7
2596  6
2597  79770
2598  14096
2599  15998
2600  14006
2601  15888
2602  13997
2603  48002
2604  17979
2605  14015
2606  12090
2607  12007
2608  122170
2609  6
2610  7
2611  71886
2612  6
2613  29816
2614  14099
2615  14001
2616  13998
2617  15894
2618  14002
2619  13991
2620  14001
2621  14000
2622  12074
2623  13899
2624  12119
2625  13880
2626  12121
2627  12009
2628  11989
2629  12000
2630  11985
2631  11877
2632  14261
2633  17835
2634  13995
2635  12096
2636  13827
2637  12107
2638  114092
2639  7
2640  6
2641  42082
2642  8
2643  8
2644  8
2645  7
2646  67752
2647  9996
2648  25898
2649  10078
2650  10023
2651  9888
2652  113998
2653  6
2654  6
2655  7
2656  7
2657  7
2658  7
2659  9946
2660  10107
2661  11890
2662  9965
2663  10141
2664  9969
2665  11997
2666  9994
2667  11927
2668  9967
2669  110124
2670  7
2671  7
2672  7
2673  42010
2674  8
2675  9
2676  8
2677  7
2678  8
2679  59982
2680  8
2681  8
2682  8
2683  7
2684  7
2685  67953
2686  8
2687  7
2688  8
2689  7
2690  8
2691  8
2692  7
2693  7
2694  7724
2695  11987
2696  12130
2697  13995
2698  13900
2699  114007
2700  7
2701  7
2702  7
2703  7
2704  7
2705  7
2706  7
2707  106018
2708  8
2709  8
2710  8
2711  8
2712  8
2713  75932
2714  7
2715  8
2716  51998
2717  8
2718  8
2719  37978
2720  8
2721  7
2722  8
2723  7
2724  7
2725  11833
2726  22020
2727  19998
2728  21998
2729  21974
2730  125817
2731  6
2732  7
2733  6
2734  6
2735  86252
2736  7
2737  8
2738  7
2739  31704
2740  19998
2741  116000
2742  6
2743  6
2744  7
2745  7
2746  6
2747  19953
2748  96107
2749  21875
2750  18016
2751  18101
2752  19875
2753  19998
2754  18020
2755  16078
2756  514008
2757  6
2758  6
2759  7
2760  6
2761  6
2762  231968
2763  8
2764  6
2765  3886
2766  144085
2767  7
2768  6
2769  13885
2770  34000
2771  60000
2772  29998
2773  32000
2774  25995
2775  130075
2776  6
2777  6
2778  7
2779  7
2780  515974
2781  7
2782  7
2783  6
2784  7
2785  125865
2786  44000
2787  44021
2788  37984
2789  35997
2790  29957
2791  27995
2792  24000
2793  30213
2794  23782
2795  25998
2796  24000
2797  19997
2798  24004
2799  20121
2800  25897
2801  22015
2802  18179
2803  17796
2804  124275
2805  6
2806  6
2807  6
2808  7
2809  6
2810  111679
2811  12112
2812  13892
2813  13991
2814  14000
2815  52027
2816  12100
2817  13984
2818  11995
2819  11986
2820  148112
2821  6
2822  6
2823  6
2824  6
2825  7
2826  103854
2827  12014
2828  11998
2829  13898
2830  10104
2831  11977
2832  53912
2833  11998
2834  10099
2835  13898
2836  10224
2837  41729
2838  122494
2839  6
2840  6
2841  7
2842  6
2843  7
2844  107592
2845  11904
2846  10110
2847  9996
2848  113992
2849  68288
2850  6
2851  6
2852  6
2853  6
2854  37671
2855  11891
2856  10120
2857  11996
2858  12003
2859  11891
2860  10077
2861  12022
2862  11869
2863  10129
2864  11872
2865  10124
2866  11904
2867  9992
2868  9977
2869  10188
2870  9970
2871  9944
2872  9973
2873  10039
2874  9960
2875  9924
2876  8101
2877  9965
2878  9924
2879  8080
2880  9923
2881  110204
2882  6
2883  6
2884  7
2885  7
2886  49836
2887  8
2888  7
2889  7
2890  7
2891  7
2892  6
2893  7
2894  7
2895  6
2896  6
2897  7
2898  7
2899  9820
2900  8229
2901  9958
2902  9926
2903  9874
2904  8107
2905  10001
2906  9870
2907  8121
2908  9902
2909  10081
2910  107990
2911  9891
2912  7
2913  7
2914  8
2915  6
2916  6
2917  57989
2918  10082
2919  7
2920  7
2921  7
2922  7
2923  7
2924  6
2925  7
2926  7
2927  7
2928  6
2929  1807
2930  10101
2931  10112
2932  11811
2933  11965
2934  9998
2935  10127
2936  11901
2937  10072
2938  11918
2939  10004
2940  9979
2941  10116
2942  1580026
2943  10
2944  9
2945  8
2946  9
2947  9
2948  8
2949  8
2950  9
2951  9
2952  8
2953  8
2954  8
2955  8
2956  9
2957  8
2958  9
2959  8
2960  8
2961  8
2962  8
2963  8
2964  8
2965  8
2966  8
2967  8
2968  9
2969  8
2970  9
2971  8
2972  9
2973  10
2974  9
2975  8
2976  9
2977  8
2978  10
2979  8
2980  8
2981  9
2982  8
2983  13
2984  9
2985  9
2986  8
2987  8
2988  8
2989  8
2990  8
2991  8
2992  8
2993  8
2994  8
2995  8
2996  8
2997  8
2998  8
2999  8
3000  8
3001  8
3002  9
3003  9
3004  8
3005  9
3006  9
3007  8
3008  8
3009  9
3010  9
3011  8
3012  8
3013  8
3014  8
3015  8
3016  8
3017  8
3018  8
3019  8
3020  7
3021  8
3022  7
3023  8
3024  8
3025  8
3026  8
3027  8
3028  9
3029  8
3030  8
3031  8
3032  8
3033  7
3034  8
3035  8
3036  8
3037  8
3038  7
3039  7
3040  7
3041  8
3042  236948
3043  6
3044  37911
3045  64002
3046  51973
3047  40016
3048  35996
3049  33998
3050  27998
3051  25997
3052  24010
3053  23966
3054  22032
3055  19965
3056  20028
3057  19966
3058  18002
3059  18015
3060  118205
3061  6
3062  6
3063  6
3064  6
3065  6
3066  107757
3067  16098
3068  17884
3069  111970
3070  6
3071  100084
3072  7
3073  7
3074  6
3075  11918
3076  18003
3077  82132
3078  15963
3079  15997
3080  15902
3081  18002
3082  107991
3083  18291
3084  6
3085  7
3086  7
3087  6
3088  97653
3089  20018
3090  17997
3091  15981
3092  116098
3093  6
3094  6
3095  7
3096  7
3097  6
3098  208199
3099  23965
3100  7
3101  7
3102  7
3103  6
3104  195748
3105  7
3106  6
3107  7
3108  7
3109  3894
3110  117984
3111  22014
3112  21977
3113  26015
3114  22006
3115  21972
3116  20021
3117  21976
3118  18022
3119  115997
3120  6
3121  7
3122  7
3123  7
3124  96293
3125  19668
3126  19997
3127  18002
3128  106067
3129  7
3130  6
3131  6
3132  6
3133  103900
3134  19971
3135  18019
3136  20002
3137  20003
3138  19988
3139  17997
3140  110221
3141  7
3142  6
3143  46093
3144  8
3145  7
3146  169654
3147  7
3148  6
3149  7
3150  7
3151  7
3152  107954
3153  21969
3154  20029
3155  20104
3156  21895
3157  20104
3158  125977
3159  7
3160  6
3161  7
3162  7
3163  6
3164  109866
3165  17978
3166  18018
3167  16084
3168  17919
3169  18103
3170  25999
3171  17883
3172  17982
3173  18022
3174  13997
3175  19993
3176  28002
3177  207570
3178  6
3179  6
3180  6
3181  6
3182  105478
3183  13998
3184  13997
3185  15895
3186  14004
3187  42228
3188  21769
3189  14006
3190  12105
3191  13899
3192  11999
3193  49969
3194  14024
3195  12099
3196  11897
3197  14006
3198  25970
3199  36029
3200  14001
3201  12061
3202  11999
3203  28002
3204  110230
3205  20403
3206  7
3207  6
3208  49680
3209  35580
3210  20098
3211  11882
3212  10119
3213  23898
3214  11990
3215  42216
3216  15785
3217  11995
3218  9980
3219  24015
3220  40003
3221  16097
3222  17696
3223  8166
3224  18094
3225  9913
3226  9797
3227  8182
3228  8946
3229  10894
3230  8073
3231  7996
3232  9926
3233  8078
3234  8121
3235  9779
3236  8019
3237  8145
3238  7999
3239  8004
3240  114938
3241  6
3242  6
3243  7
3244  7
3245  7
3246  7
3247  8
3248  62848
3249  7
3250  8
3251  8
3252  7
3253  35069
3254  7
3255  8
3256  7
3257  7
3258  7
3259  7
3260  7
3261  6
3262  7
3263  6
3264  7
3265  9949
3266  9943
3267  10035
3268  9964
3269  9996
3270  9983
3271  9120
3272  9921
3273  10049
3274  9970
3275  9028
3276  9901
3277  10019
3278  9918
3279  8082
3280  9864
3281  10030
3282  109252
3283  6
3284  6
3285  35819
3286  8
3287  9145
3288  7
3289  7
3290  7
3291  7
3292  7
3293  6
3294  7
3295  7
3296  7
3297  6
3298  1651
3299  10004
3300  8276
3301  115723
3302  7
3303  7
3304  7
3305  7
3306  6
3307  6
3308  6
3309  6
3310  82099
3311  7
3312  7
3313  7
3314  7
3315  7
3316  6
3317  7
3318  7
3319  7
3320  1752
3321  10111
3322  10085
3323  11808
3324  9967
3325  10101
3326  10023
3327  9981
3328  112098
3329  6
3330  7
3331  7
3332  7
3333  51762
3334  7
3335  7
3336  7
3337  7
3338  52228
3339  11925
3340  8
3341  7
3342  8
3343  8
3344  7
3345  7
3346  8
3347  73858
3348  7
3349  7
3350  7
3351  7
3352  6
3353  83967
3354  11992
3355  8
3356  7
3357  7
3358  7
3359  8
3360  6
3361  6
3362  7
3363  3921
3364  13894
3365  14012
3366  12103
3367  13903
3368  11971
3369  14018
3370  12103
3371  11972
3372  13905
3373  12018
3374  11994
3375  110147
3376  6
3377  6
3378  6
3379  7
3380  6
3381  7
3382  7
3383  7
3384  1865
3385  12048
3386  11969
3387  11895
3388  12012
3389  12059
3390  122076
3391  6
3392  7
3393  7
3394  7
3395  8
3396  7
3397  63798
3398  7
3399  7
3400  7
3401  7
3402  6
3403  7
3404  6
3405  6
3406  10015
3407  12019
3408  11897
3409  12097
3410  11894
3411  11981
3412  12003
3413  12009
3414  12005
3415  10075
3416  11900
3417  12014
3418  102000
3419  6
3420  6
3421  7
3422  7
3423  7
3424  7
3425  6
3426  6
3427  7
3428  10008
3429  12001
3430  9991
3431  11899
3432  10107
3433  11894
3434  10133
3435  9991
3436  925984
3437  9
3438  8
3439  8
3440  8
3441  8
3442  9
3443  8
3444  8
3445  8
3446  7
3447  8
3448  8
3449  8
3450  8
3451  8
3452  8
3453  8
3454  9
3455  8
3456  8
3457  8
3458  8
3459  8
3460  7
3461  7
3462  7
3463  8
3464  8
3465  8
3466  8
3467  7
3468  7
3469  8
3470  7
3471  7
3472  8
3473  7
3474  7
3475  7
3476  7
3477  7
3478  7
3479  7
3480  205810
3481  7
3482  5692
3483  42003
3484  41994
3485  45982
3486  36012
3487  31997
3488  28000
3489  132089
3490  6
3491  45979
3492  7
3493  7
3494  6
3495  7
3496  63889
3497  23996
3498  28007
3499  21995
3500  132062
3501  6
3502  7
3503  44220
3504  8
3505  6
3506  61676
3507  22026
3508  21971
3509  21980
3510  112082
3511  6
3512  6
3513  6
3514  6
3515  409975
3516  8
3517  7
3518  7
3519  7
3520  113872
3521  54016
3522  50008
3523  41987
3524  33998
3525  35999
3526  26000
3527  25978
3528  25998
3529  32025
3530  20092
3531  23900
3532  21987
3533  126220
3534  6
3535  6
3536  7
3537  6
3538  84324
3539  29505
3540  16015
3541  17898
3542  15984
3543  32017
3544  25995
3545  15999
3546  14103
3547  113982
3548  6
3549  6
3550  6
3551  7
3552  3874
3553  110003
3554  14098
3555  13998
3556  14001
3557  200271
3558  6
3559  6
3560  7
3561  7
3562  21917
3563  87666
3564  18003
3565  18103
3566  17877
3567  17997
3568  18017
3569  17994
3570  18083
3571  18022
3572  19888
3573  110218
3574  6
3575  7
3576  7
3577  7
3578  6
3579  111744
3580  13997
3581  16100
3582  15896
3583  15992
3584  26520
3585  185789
3586  6
3587  7
3588  6
3589  7
3590  7
3591  109649
3592  12098
3593  15898
3594  13996
3595  14008
3596  47990
3597  14100
3598  13896
3599  110088
3600  6
3601  6
3602  6
3603  7
3604  3874
3605  108090
3606  13894
3607  12117
3608  13883
3609  14021
3610  34302
3611  23667
3612  12018
3613  13998
3614  11994
3615  17989
3616  23992
3617  32017
3618  11998
3619  12228
3620  113862
3621  7
3622  6
3623  7
3624  6
3625  3978
3626  106000
3627  114062
3628  6
3629  7
3630  26131
3631  8
3632  7
3633  83763
3634  11975
3635  11907
3636  12013
3637  12001
3638  56101
3639  11960
3640  11898
3641  114123
3642  6
3643  6
3644  6
3645  6
3646  3860
3647  106013
3648  10103
3649  11967
3650  11898
3651  10133
3652  57868
3653  12096
3654  112016
3655  6
3656  6
3657  6
3658  6
3659  101834
3660  10144
3661  11994
3662  11895
3663  10084
3664  114006
3665  6
3666  6
3667  68217
3668  7
3669  31892
3670  11872
3671  11894
3672  47974
3673  12007
3674  10099
3675  21910
3676  10001
3677  108004
3678  6
3679  6
3680  7
3681  7
3682  100067
3683  7
3684  7
3685  8
3686  6
3687  6
3688  6
3689  6
3690  7
3691  7
3692  99995
3693  7
3694  7
3695  8
3696  7
3697  6
3698  7
3699  6
3700  3738
3701  16019
3702  13980
3703  14015
3704  13984
3705  13993
3706  15054
3707  12963
3708  114097
3709  7
3710  7
3711  6
3712  7
3713  6
3714  6
3715  6
3716  3843
3717  13996
3718  13999
3719  114067
3720  5760
3721  6
3722  7
3723  7
3724  7
3725  198546
3726  7
3727  6
3728  6
3729  7
3730  117360
3731  18024
3732  18000
3733  19970
3734  18022
3735  121974
3736  6
3737  7
3738  7
3739  7
3740  7
3741  7
3742  16045
3743  97932
3744  16097
3745  19895
3746  15996
3747  17997
3748  118005
3749  6
3750  6
3751  7
3752  7
3753  7
3754  6
3755  109948
3756  16002
3757  17994
3758  15981
3759  16012
3760  16002
3761  24098
3762  15895
3763  110185
3764  6
3765  6
3766  7
3767  7
3768  6
3769  113769
3770  14002
3771  14100
3772  15911
3773  14093
3774  40115
3775  15778
3776  13994
3777  108092
3778  6
3779  6
3780  50884
3781  7
3782  7
3783  59093
3784  15895
3785  16023
3786  18979
3787  13991
3788  14021
3789  33243
3790  13995
3791  16968
3792  105836
3793  6
3794  6
3795  7
3796  7
3797  100106
3798  103802
3799  7
3800  7
3801  6
3802  6
3803  6
3804  114049
3805  15992
3806  15896
3807  14004
3808  15965
3809  16031
3810  32079
3811  15903
3812  15987
3813  14102
3814  118087
3815  34267
3816  6
3817  7
3818  28160
3819  8
3820  43362
3821  15988
3822  27997
3823  14001
3824  14099
3825  16022
3826  15876
3827  16027
3828  29943
3829  109997
3830  6
3831  6
3832  7
3833  7
3834  6
3835  113956
3836  12098
3837  15900
3838  12101
3839  13995
3840  46012
3841  15885
3842  12102
3843  13992
3844  12031
3845  45898
3846  14026
3847  13986
3848  11991
3849  13999
3850  221576
3851  6
3852  7
3853  7
3854  7
3855  6
3856  203526
3857  100102
3858  6
3859  7
3860  7
3861  6
3862  3803
3863  204226
3864  6
3865  6
3866  7
3867  7
3868  6
3869  107753
3870  13996
3871  13998
3872  13894
3873  14103
3874  14001
3875  40171
3876  13820
3877  14005
3878  13966
3879  13923
3880  12110
3881  39841
3882  15997
3883  11998
3884  112092
3885  6
3886  20456
3887  6
3888  6
3889  6
3890  85519
3891  11997
3892  11896
3893  12097
3894  11901
3895  110120
3896  405976
3897  7
3898  7
3899  7
3900  7
3901  7
3902  117880
3903  22019
3904  23996
3905  110160
3906  6
3907  6
3908  6
3909  3782
3910  100133
3911  21895
3912  19997
3913  22006
3914  19988
3915  19994
3916  18127
3917  19977
3918  17980
3919  19923
3920  516082
3921  7
3922  6
3923  7
3924  7
3925  101672
3926  406073
3927  7
3928  6
3929  6
3930  7
3931  129892
3932  57996
3933  57997
3934  146100
3935  6
3936  6
3937  21882
3938  113995
3939  44005
3940  41989
3941  126100
3942  6
3943  3897
3944  105992
3945  47996
3946  44001
3947  43996
3948  43979
3949  46019
3950  39993
3951  39980
3952  38020
3953  33989
3954  30009
3955  25999
3956  25978
3957  214302
3958  7
3959  6
3960  7
3961  105688
3962  21998
3963  24017
3964  21980
3965  25995
3966  106065
3967  7
3968  6
3969  7
3970  9923
3971  105986
3972  19998
3973  23977
3974  22020
3975  21976
3976  19994
3977  22003
3978  20017
3979  18001
3980  16078
3981  21913
3982  211580
3983  6
3984  7
3985  6
3986  6
3987  103388
3988  14100
3989  17869
3990  110208
3991  6
3992  30100
3993  7
3994  7
3995  73692
3996  15993
3997  17982
3998  16007
3999  110241
4000  7
4001  6
4002  7
4003  7
4004  6
4005  111828
4006  15998
4007  15872
4008  15997
4009  18029
4010  22515
4011  23485
4012  117993
4013  6
4014  6
4015  6
4016  84174
4017  6
4018  23886
4019  13998
4020  13996
4021  15894
4022  38079
4023  13942
4024  17966
4025  14111
4026  13876
4027  34462
4028  15797
4029  13998
4030  17983
4031  114124
4032  6
4033  6
4034  7
4035  75950
4036  6
4037  227240
4038  7
4039  7
4040  7
4041  6
4042  6
4043  115365
4044  13998
4045  16113
4046  15873
4047  14020
4048  39999
4049  15997
4050  14103
4051  15973
4052  14005
4053  15916
4054  37973
4055  14022
4056  16000
4057  13998
4058  116238
4059  25957
4060  6
4061  6
4062  6
4063  7
4064  77789
4065  25978
4066  11981
4067  114093
4068  7
4069  7
4070  52197
4071  7
4072  251253
4073  8
4074  8
4075  7
4076  7
4077  103381
4078  13995
4079  15992
4080  14109
4081  114061
4082  6
4083  6
4084  7
4085  7
4086  103795
4087  15996
4088  14101
4089  17868
4090  14105
4091  110013
4092  6
4093  7
4094  7
4095  6
4096  3973
4097  110003
4098  15891
4099  14104
4100  15903
4101  16102
4102  25895
4103  23990
4104  14223
4105  15774
4106  14200
4107  115801
4108  6
4109  42276
4110  7
4111  6
4112  6
4113  63684
4114  110189
4115  7
4116  6
4117  6
4118  72115
4119  6
4120  39662
4121  15995
4122  110149
4123  6
4124  44036
4125  7
4126  7
4127  7
4128  171981
4129  22105
4130  6
4131  6
4132  7
4133  7
4134  105640
4135  18014
4136  19996
4137  21999
4138  19994
4139  20116
4140  120233
4141  6
4142  6
4143  7
4144  6
4145  5597
4146  110123
4147  113998
4148  6
4149  6
4150  6
4151  7
4152  105853
4153  20002
4154  17978
4155  18019
4156  18000
4157  20324
4158  23673
4159  19974
4160  16029
4161  25969
4162  14439
4163  15588
4164  21986
4165  114072
4166  6
4167  6
4168  7
4169  7
4170  103895
4171  13991
4172  12131
4173  15867
4174  114149
4175  7
4176  6
4177  7
4178  6
4179  5803
4180  104025
4181  15994
4182  13992
4183  14006
4184  13996
4185  35978
4186  20026
4187  13987
4188  14004
4189  14067
4190  13899
4191  110110
4192  6
4193  7
4194  7
4195  6
4196  10477
4197  99391
4198  12003
4199  11991
4200  11999
4201  12088
4202  43916
4203  21987
4204  110200
4205  6
4206  6
4207  7
4208  6
4209  3876
4210  105997
4211  11980
4212  11911
4213  12102
4214  11895
4215  57975
4216  10106
4217  13891
4218  116117
4219  6
4220  7
4221  6
4222  6
4223  1969
4224  103981
4225  12019
4226  11896
4227  10122
4228  11878
4229  112066
4230  7
4231  6
4232  7
4233  6
4234  100105
4235  11849
4236  11891
4237  12097
4238  110197
4239  6
4240  6
4241  7
4242  6
4243  3667
4244  100135
4245  13890
4246  11997
4247  10116
4248  12015
4249  49888
4250  13991
4251  14002
4252  11997
4253  12008
4254  10093
4255  49895
4256  13998
4257  12223
4258  12003
4259  9945
4260  11919
4261  128225
4262  6
4263  6
4264  7
4265  7
4266  7
4267  1633
4268  106104
4269  11867
4270  8200
4271  9922
4272  9971
4273  112104
4274  6
4275  60012
4276  11866
4277  7
4278  7
4279  8
4280  7
4281  7
4282  6
4283  7
4284  6
4285  6
4286  105948
4287  7
4288  7
4289  7
4290  7
4291  7
4292  6
4293  6
4294  7
4295  1842
4296  11993
4297  13980
4298  11991
4299  12126
4300  110039
4301  7
4302  6
4303  787941
4304  10
4305  9
4306  9
4307  8
4308  9
4309  9
4310  8
4311  8
4312  9
4313  9
4314  8
4315  7
4316  9
4317  8
4318  8
4319  8
4320  9
4321  8
4322  7
4323  7
4324  8
4325  8
4326  7
4327  7
4328  7
4329  8
4330  8
4331  7
4332  7
4333  7
4334  7
4335  7
4336  7
4337  7
4338  7
4339  7
4340  6
4341  111649
4342  111903
4343  53828
4344  55997
4345  128098
4346  6
4347  6
4348  21863
4349  132026
4350  7
4351  7
4352  6
4353  33942
4354  32027
4355  31994
4356  29991
4357  30010
4358  27976
4359  24008
4360  24000
4361  23979
4362  20021
4363  120209
4364  7
4365  6
4366  6
4367  7
4368  100123
4369  21625
4370  17998
4371  18002
4372  17992
4373  19974
4374  24007
4375  19970
4376  16002
4377  18020
4378  18002
4379  20016
4380  21981
4381  124021
4382  6
4383  7
4384  7
4385  6
4386  6
4387  112062
4388  13993
4389  15899
4390  13991
4391  14002
4392  52323
4393  113836
4394  6
4395  6
4396  7
4397  6
4398  101803
4399  203577
4400  7
4401  405492
4402  7
4403  7
4404  6
4405  6
4406  7
4407  121878
4408  26000
4409  31969
4410  134121
4411  6
4412  6
4413  6
4414  7
4415  13865
4416  105997
4417  23996
4418  23978
4419  22021
4420  21998
4421  115996
4422  6
4423  6
4424  6
4425  6
4426  7
4427  115941
4428  18124
4429  20003
4430  19868
4431  18018
4432  115979
4433  6
4434  6
4435  7
4436  70302
4437  41759
4438  9893
4439  22015
4440  22019
4441  23991
4442  112094
4443  6
4444  6
4445  6
4446  6
4447  101859
4448  20018
4449  21981
4450  18010
4451  19997
4452  114098
4453  6
4454  6
4455  6
4456  6
4457  9878
4458  107991
4459  17999
4460  18105
4461  20002
4462  19884
4463  19980
4464  18120
4465  19893
4466  16092
4467  19907
4468  17991
4469  19977
4470  20022
4471  17995
4472  17978
4473  18016
4474  18004
4475  19992
4476  19998
4477  18004
4478  18002
4479  19978
4480  16014
4481  19971
4482  21995
4483  17994
4484  17985
4485  19996
4486  16096
4487  20000
4488  27996
4489  17997
4490  14003
4491  21991
4492  14004
4493  219523
4494  6
4495  6
4496  7
4497  6
4498  318970
4499  8
4500  7
4501  7
4502  7
4503  103382
4504  446087
4505  7
4506  7
4507  7
4508  7
4509  105851
4510  24016
4511  24007
4512  23994
4513  25988
4514  24006
4515  21999
4516  20006
4517  21987
4518  18018
4519  21968
4520  22020
4521  17964
4522  20135
4523  15993
4524  17892
4525  21995
4526  104092
4527  6
4528  6
4529  7
4530  7
4531  208878
4532  12077
4533  15902
4534  13999
4535  12090
4536  13903
4537  47997
4538  12104
4539  13997
4540  13891
4541  114188
4542  6
4543  6
4544  7
4545  6
4546  6
4547  105786
4548  11997
4549  14001
4550  11978
4551  11993
4552  44482
4553  17542
4554  11992
4555  14005
4556  12009
4557  12064
4558  44142
4559  16003
4560  13769
4561  12230
4562  11946
4563  135818
4564  6
4565  6
4566  7
4567  7
4568  7
4569  103957
4570  10111
4571  111986
4572  8
4573  7
4574  7
4575  7
4576  1863
4577  108100
4578  110212
4579  6
4580  6
4581  6
4582  39960
4583  6
4584  71693
4585  15992
4586  14000
4587  14105
4588  13971
4589  115935
4590  38301
4591  6
4592  6
4593  7
4594  7
4595  71753
4596  33896
4597  19980
4598  18014
4599  18015
4600  17960
4601  113996
4602  6
4603  6
4604  7
4605  6
4606  6
4607  119968
4608  18118
4609  21895
4610  130073
4611  6
4612  6
4613  7
4614  7
4615  6
4616  105883
4617  23996
4618  21980
4619  22013
4620  22011
4621  21990
4622  108315
4623  6
4624  6
4625  6
4626  3668
4627  96436
4628  25549
4629  23981
4630  130119
4631  6
4632  32197
4633  6
4634  6
4635  7
4636  85665
4637  27994
4638  122093
4639  6
4640  6
4641  6
4642  1890
4643  109973
4644  118111
4645  6
4646  6
4647  66206
4648  7
4649  47665
4650  114001
4651  7
4652  7
4653  7
4654  27974
4655  91981
4656  26014
4657  28003
4658  25993
4659  24006
4660  21972
4661  24027
4662  20072
4663  19918
4664  19973
4665  21993
4666  22002
4667  16236
4668  17783
4669  113997
4670  6
4671  6
4672  7
4673  6
4674  6
4675  114010
4676  14009
4677  16016
4678  15897
4679  113989
4680  6
4681  7
4682  60295
4683  7
4684  469796
4685  7
4686  7
4687  7
4688  7
4689  7
4690  126956
4691  31919
4692  33965
4693  34030
4694  29982
4695  26005
4696  25993
4697  26001
4698  23970
4699  211604
4700  6
4701  6
4702  6
4703  6
4704  115369
4705  22017
4706  116099
4707  7
4708  7
4709  6
4710  7
4711  100106
4712  121754
4713  10305
4714  6
4715  7
4716  7
4717  7
4718  109661
4719  19995
4720  19768
4721  22032
4722  19985
4723  20019
4724  20005
4725  19967
4726  18022
4727  20006
4728  17971
4729  20017
4730  19998
4731  17996
4732  122093
4733  6
4734  6
4735  7
4736  7
4737  6
4738  105950
4739  15899
4740  16015
4741  15995
4742  16004
4743  14106
4744  33866
4745  15997
4746  14238
4747  16003
4748  16002
4749  26048
4750  25702
4751  18124
4752  13898
4753  114087
4754  7
4755  6
4756  6
4757  6
4758  8008
4759  103864
4760  11995
4761  13997
4762  10105
4763  11972
4764  59922
4765  12098
4766  11893
4767  11985
4768  10121
4769  57893
4770  12172
4771  12004
4772  11803
4773  10194
4774  53933
4775  13985
4776  107972
4777  12252
4778  7
4779  7
4780  6
4781  89651
4782  10079
4783  95995
4784  10023
4785  10075
4786  9893
4787  10025
4788  63023
4789  12970
4790  113989
4791  11998
4792  6
4793  7
4794  7
4795  7
4796  6
4797  1862
4798  9990
4799  110118
4800  7
4801  23950
4802  7
4803  8
4804  8
4805  7
4806  7
4807  7
4808  7
4809  6
4810  1835
4811  11993
4812  12025
4813  12102
4814  11894
4815  11978
4816  22033
4817  12083
4818  11979
4819  11917
4820  10109
4821  13892
4822  10101
4823  9988
4824  11872
4825  10133
4826  111873
4827  7
4828  20238
4829  8
4830  8
4831  7
4832  43894
4833  7
4834  7
4835  7
4836  6
4837  6
4838  6
4839  7
4840  73863
4841  7
4842  7
4843  6
4844  6
4845  6
4846  7
4847  7
4848  7
4849  1841
4850  10121
4851  11988
4852  11901
4853  12077
4854  11884
4855  10143
4856  11991
4857  12003
4858  11969
4859  11926
4860  10100
4861  11996
4862  9972
4863  11912
4864  9998
4865  10107
4866  116034
4867  6
4868  6
4869  7
4870  7
4871  7
4872  7
4873  7
4874  7
4875  7
4876  7
4877  1881
4878  9998
4879  10006
4880  9963
4881  10029
4882  9995
4883  9981
4884  10017
4885  11891
4886  9983
4887  10015
4888  110262
4889  6
4890  6
4891  7
4892  7
4893  8
4894  7
4895  7
4896  7
4897  7
4898  7
4899  3736
4900  9916
4901  10098
4902  9976
4903  10023
4904  10008
4905  10035
4906  117986
4907  7
4908  7
4909  8
4910  7
4911  7
4912  7
4913  7
4914  7
4915  7
4916  6
4917  1789
4918  9984
4919  9986
4920  10114
4921  11877
4922  9995
4923  9992
4924  10035
4925  10169
4926  11826
4927  9992
4928  10012
4929  10065
4930  9918
4931  9997
4932  8229
4933  9924
4934  9924
4935  9896
4936  8102
4937  107922
4938  6
4939  6
4940  7
4941  7
4942  48138
4943  7
4944  7
4945  7
4946  7
4947  6
4948  7
4949  7
4950  7
4951  6
4952  6
4953  1738
4954  10005
4955  8068
4956  9933
4957  10068
4958  9893
4959  10027
4960  8107
4961  10065
4962  9904
4963  9912
4964  8258
4965  11722
4966  8121
4967  9900
4968  8093
4969  9979
4970  9924
4971  8097
4972  7992
4973  9974
4974  8108
4975  103822
4976  6
4977  7
4978  7
4979  6
4980  6
4981  66031
4982  7
4983  11888
4984  8
4985  7
4986  8
4987  7
4988  7
4989  7
4990  7
4991  7
4992  7
4993  7
4994  6
4995  10010
4996  11992
4997  12002
4998  11994
4999  11900
core: m_RecoveredTotal: 0  m_RetransmissionTotal: 628  m_FECTotal: 0
m_FEC: m_RecoveredTotal: 0  m_notRecoveredTotal: 0
