m_iPayloadSize:  8956
server is ready at port: 9000
m_iPayloadSize:  8956
new connection: 192.168.154.32:43619
0  96587
1  100330
2  99492
3  831
4  98998
5  859
6  823
7  835
8  98265
9  826
10  834
11  824
12  828
13  831
14  95597
15  821
17  1583
19  1590
20  828
21  828
22  829
23  833
24  93299
25  827
26  831
27  822
28  834
30  1584
31  827
16  145
18  521
29  97471
32  102387
33  2075
34  2141
35  2150
36  2067
37  3392
38  2082
39  2068
40  2219
41  2075
42  2071
43  3364
44  2117
45  2142
46  2076
47  2072
49  4274
50  3426
51  2070
52  2147
53  2069
54  2082
55  2190
57  5496
58  2087
59  2078
60  2128
61  2052
62  2144
63  3326
64  2252
65  2080
66  2068
67  2137
68  2075
69  3350
71  4206
72  2205
73  2053
74  2096
75  2200
76  2072
77  3172
78  2111
79  1991
80  2139
81  2378
82  2050
83  3327
84  1993
85  2166
86  1993
87  2449
88  2045
89  2077
90  3254
91  2105
48  500
92  1709
93  3645
94  2257
95  2139
96  2251
97  3538
98  2127
56  296
99  3377
100  2318
101  3701
102  2254
103  2335
104  3621
105  2338
106  3581
107  2405
108  3545
109  2270
70  232
110  3655
112  6131
113  3826
114  3749
115  2324
116  3944
117  3727
118  2321
119  3844
120  2364
121  3764
122  3871
123  2368
124  3775
126  6163
127  3767
128  3767
129  2470
130  3772
131  3767
132  2346
133  3878
134  3756
135  2286
136  3925
138  6096
139  3847
140  2375
141  3674
111  2357
142  1739
143  4072
145  9683
146  4025
147  3966
148  4153
149  4017
150  3994
152  8132
125  372
155  13343
156  4126
157  3839
159  7996
161  8138
137  3999
162  1598
163  4162
164  4242
165  5689
166  4123
167  4109
144  74
168  5674
169  4211
170  5708
171  4166
172  4123
173  5803
151  378
174  3762
175  5720
153  397
176  3862
154  225
177  5520
178  4193
179  4073
158  2112
181  7880
160  229
182  5601
183  4015
184  4298
185  5677
186  4178
187  4077
188  5736
189  4155
190  5749
191  4163
192  4151
194  9850
195  4175
196  5672
197  4246
198  4050
199  5809
200  4133
180  2140
201  3719
202  5902
203  4138
204  5924
206  10092
207  5906
208  4221
209  5842
210  5925
211  4187
212  5812
193  280
213  5799
214  6018
215  5969
216  5964
217  6053
218  5982
219  6029
220  5921
221  6082
222  5984
205  2298
224  11526
225  6199
226  7768
227  6102
228  6179
229  7738
230  6082
231  6095
232  7795
233  6182
234  6069
235  7781
236  6072
237  7898
223  4399
238  1719
239  7980
240  7919
241  7985
243  14084
244  7921
246  16012
247  6130
248  7952
250  15873
251  6173
253  15920
254  7931
242  4384
255  3679
256  8010
257  9896
245  360
258  7835
259  9926
260  9858
249  4391
261  5821
262  11822
252  6310
263  5655
264  12003
265  12120
266  11996
267  11897
268  11968
270  24129
271  12005
272  11856
273  11999
274  12030
275  9981
276  10098
277  11994
269  203
278  13715
280  22100
281  13893
282  11998
283  12006
285  23992
286  11978
287  12122
279  4066
288  11844
289  15964
290  14100
284  12236
291  3665
292  14090
294  31941
295  13980
296  14073
297  16010
298  15905
299  14003
293  6318
300  9686
301  16058
303  31907
304  15997
305  15976
306  16039
308  30107
302  2171
309  17697
310  17996
311  16018
312  18002
307  308
313  21686
314  20004
315  18018
316  19969
317  20005
318  19985
319  18012
320  18006
321  17970
322  16099
323  17890
324  16029
325  16099
326  15888
329  45981
330  14001
332  28018
333  14100
327  185
334  15681
328  10345
335  5763
331  42099
336  45796
337  20014
338  14103
339  15908
340  13984
341  15997
343  28000
344  13999
345  15994
346  16100
347  15873
348  20249
342  2097
349  214777
350  13993
351  15893
353  28076
354  14037
355  13987
356  31896
352  14307
357  3660
358  110086
359  13994
360  15898
361  16001
362  14000
363  14100
364  31904
365  16002
366  16110
367  13902
368  14099
369  15994
370  35926
372  37967
373  11999
374  12018
375  16015
376  37976
371  247
377  209756
378  11995
379  11972
380  12009
381  12117
382  55979
383  13914
384  10109
385  13883
386  12005
388  65993
389  14095
390  11898
391  10103
392  45881
387  310
393  214704
394  11987
395  10116
396  11884
397  12012
398  10069
399  51913
400  12081
401  11897
402  10118
405  70002
406  15892
407  11997
403  8402
408  3712
409  103980
404  299986
410  115911
411  20101
412  21887
413  22003
414  21997
415  19996
416  19980
418  38017
419  17979
420  16016
417  30313
422  7660
421  68314
423  51711
425  41991
426  19998
428  38001
424  14320
429  7656
427  44321
430  69694
431  23998
432  21990
434  46010
435  21977
436  22018
437  20078
433  10232
438  11685
439  111995
440  19830
441  22021
442  21977
443  20006
444  19980
446  38020
447  17973
448  16134
450  39858
445  6335
449  65993
451  45672
452  18019
453  18000
454  17976
455  16116
456  17904
457  22217
458  17958
459  18035
460  18002
461  17981
463  40016
464  19758
465  18016
466  17998
467  16202
462  8001
468  103790
469  15972
471  28008
472  14001
473  14092
474  39928
470  4278
475  105917
476  15894
477  15998
478  15872
479  16000
480  14099
481  38160
482  15759
483  13988
484  16000
485  15971
486  14003
487  40018
488  13999
489  12103
490  14101
491  16015
492  13980
493  43890
494  16080
497  41819
498  39984
499  16101
495  12214
496  8034
500  5659
501  103982
502  12020
503  11987
504  12007
505  12098
506  55994
507  16001
509  23996
510  11992
512  68158
508  73
511  70428
513  111344
514  13890
515  12105
516  13894
517  14004
518  56083
519  3294
520  11993
521  14005
522  11988
523  52010
524  11964
525  14003
526  10134
527  13990
528  39904
529  24163
530  12000
531  13928
532  9994
533  39878
534  13995
535  24117
536  11906
537  14100
538  35875
539  8115
540  9883
542  38013
543  12181
544  9781
545  8202
547  17793
548  7986
549  8099
541  4750
550  5243
551  9897
552  8100
553  9996
554  9902
555  10000
556  8094
546  8222
557  1780
558  10030
559  9881
560  8107
561  14002
562  9895
563  8127
564  9868
565  10030
566  24100
568  17988
570  19895
571  8100
572  7982
573  10026
574  7971
575  8103
577  17882
567  12249
579  5756
569  4201
580  5815
581  11997
583  21869
584  10034
585  11963
576  2317
586  9686
578  8411
588  17677
589  13999
582  6316
590  9585
591  13997
592  14092
593  16005
587  4232
594  11681
595  14110
596  15889
597  15994
598  13999
599  14001
600  14095
601  15904
602  13993
603  13994
604  12100
605  15885
606  12018
607  12202
608  13776
609  12121
610  13885
611  10108
612  12003
613  13886
614  10088
616  23910
617  10103
619  22023
620  9975
621  11897
622  10076
623  10018
615  14143
625  7855
626  11876
618  4427
624  73855
627  17833
628  11892
629  76105
630  11869
631  10022
632  10108
633  11992
634  9981
635  11911
636  9980
637  11998
638  10019
640  20083
641  11884
643  20009
644  9999
645  10017
646  9979
648  18025
639  2296
649  9699
650  9968
651  10141
642  2178
652  9704
653  12090
654  11875
647  18344
656  5680
657  13994
658  14002
659  11993
661  27979
662  12019
655  2315
663  11781
664  15872
665  14099
666  15894
660  8342
667  7654
668  16001
669  16116
670  15997
671  17893
672  15996
673  16109
674  15968
675  15909
676  14111
677  16009
678  15886
679  14004
680  13992
681  14004
683  26095
684  13891
685  13986
686  11988
687  12126
688  12002
682  12280
689  1618
690  13996
691  91996
692  12103
693  13997
694  13889
695  12081
696  13920
697  12109
698  13875
699  12105
701  34107
702  15900
703  15869
704  12125
705  15874
706  16024
700  4177
707  103795
709  24116
710  11895
711  12005
712  12006
708  50393
714  3577
713  54335
715  55679
716  13808
717  15997
718  14000
719  13996
720  13998
721  31980
722  18016
723  12083
724  16021
725  15895
726  14001
727  25993
729  38096
730  13900
732  30001
728  36335
733  83946
734  212815
735  12000
731  282006
736  105865
737  26018
738  21972
740  48022
741  23999
742  19999
743  19971
739  14235
744  5896
745  105888
746  21982
747  20026
749  43985
750  20082
751  19916
752  17999
748  16319
753  3785
755  131894
756  19979
757  20127
758  19885
754  18300
759  1918
760  113775
761  21976
762  20127
763  21875
764  20015
765  21981
766  18019
767  18003
768  17971
769  18018
770  19997
771  19974
773  36025
774  18004
775  16215
776  19986
777  21765
772  6248
778  109743
779  13993
780  14100
781  16000
782  15911
783  14105
784  37852
785  16000
786  14006
787  12221
788  16010
789  14103
790  41672
791  18095
792  11892
793  14372
794  15630
795  12105
796  43900
797  17986
798  12019
799  13989
800  12133
801  13900
802  35980
803  22199
804  12226
806  28157
807  27892
808  19721
809  27777
805  10636
810  3356
811  104120
812  9866
813  10135
814  9891
815  8079
817  71897
818  8012
819  9926
820  8144
816  8077
821  3682
822  8165
823  9971
824  10110
825  11746
826  9979
827  9982
828  10027
829  10077
830  10019
831  10003
832  9877
833  10116
834  9876
835  10005
836  10007
837  10011
838  8090
839  9900
840  8221
841  9877
842  9874
843  8091
844  8156
845  9841
846  8097
847  9797
848  8134
849  9868
851  16006
852  8116
854  16073
855  8006
857  17820
858  7970
860  16003
861  8116
862  7879
850  300
863  7892
864  9828
853  4538
867  25558
856  2283
868  7681
869  11895
870  10132
871  11875
872  10128
873  11987
865  6300
874  5703
866  8205
875  3769
876  11912
877  11999
878  10110
879  11889
880  10078
881  11990
882  11926
884  21968
885  12005
886  10086
887  11885
888  10137
889  11990
890  11897
891  10081
883  10233
892  1695
893  14003
894  12113
895  11962
896  13895
897  12125
898  13875
899  12019
900  12001
901  14001
902  12002
903  12064
904  12007
905  13992
906  11976
909  37999
910  13890
911  12034
912  12103
913  13898
914  11991
907  6294
915  7697
908  8277
916  5726
917  15988
918  14005
919  14001
920  13995
921  14111
922  14016
924  28001
925  15860
926  14002
927  13993
928  14006
929  14123
923  12210
930  3680
931  15969
932  16010
933  16119
935  31903
936  15991
937  16115
938  15979
939  15900
940  15977
934  326
941  19695
942  18002
944  35971
945  18118
946  17894
947  18026
943  14313
859  305730
948  133918
949  43993
950  39982
951  36013
952  31978
953  32016
954  25982
956  46017
957  23977
958  20119
959  20018
955  10185
960  11694
961  23973
962  22018
963  21992
964  20003
965  24001
966  17993
967  19980
968  16101
969  19917
970  15997
971  15997
972  15997
974  32081
975  17911
976  18010
977  17983
978  16070
973  4239
979  212775
980  15896
981  16114
983  30010
984  15883
985  28003
986  19994
987  13996
982  311
988  218692
989  18023
990  14110
991  15997
992  16840
993  16020
995  48996
996  16028
997  14068
998  15172
999  24946
994  4098
1001  131780
1002  15892
1004  30004
1000  38231
1003  34087
1005  71880
1006  9790
1008  36104
1009  21867
1010  18031
1011  32093
1007  4220
1012  107899
1013  21851
1015  39916
1016  19997
1017  22075
1018  22028
1014  8214
1019  107780
1020  21893
1021  21983
1022  19994
1023  20015
1024  19991
1027  67992
1028  16006
1029  18111
1025  30107
1026  10098
1030  75689
1031  21983
1033  38014
1034  17975
1035  18001
1032  44266
1037  5754
1036  66368
1039  69623
1040  17997
1041  19996
1042  18000
1038  16296
1043  107801
1044  19895
1046  38103
1047  19874
1049  44104
1045  16199
1050  5713
1048  44351
1051  73641
1052  22002
1053  21973
1054  22023
1055  19977
1056  20121
1057  21873
1058  18017
1059  17999
1060  17994
1061  19981
1062  19992
1064  36005
1065  20016
1066  18004
1067  17977
1063  16308
1068  92166
1069  31627
1070  19914
1071  19977
1072  20016
1074  39997
1075  20000
1077  39992
1073  2343
1076  63962
1078  51692
1080  47802
1081  26001
1082  23998
1079  18304
1083  7668
1084  27992
1085  96025
1086  26008
1087  27986
1088  25998
1089  29993
1090  25981
1091  26019
1092  25974
1093  27998
1094  26031
1095  23985
1096  25997
1097  25994
1098  25980
1099  24027
1102  75987
1103  24000
1100  16334
1104  7664
1101  28222
1105  75775
1106  27994
1107  27972
1108  26028
1109  29993
1110  27995
1111  25974
1112  26027
1113  29998
1116  77975
1117  28001
1114  332
1118  29658
1115  10374
1119  91628
1120  27996
1121  32023
1122  27982
1123  27997
1124  27996
1125  31986
1126  27998
1127  26019
1128  27998
1129  29992
1131  52205
1132  27789
1133  26004
1130  6311
1134  21684
1135  99993
1136  25998
1137  27983
1138  24014
1139  26006
1140  21990
1142  43994
1143  19997
1144  18080
1145  23901
1146  18022
1141  184
1147  220801
1148  18001
1149  19978
1150  20029
1151  17988
1152  26002
1153  19979
1154  18016
1155  16000
1157  35996
1158  26001
1159  20005
1160  15964
1156  14567
1161  1425
1162  112131
1163  15999
1164  15996
1166  33873
1167  24021
1168  19979
1169  16101
1165  12243
1170  3675
1171  113989
1172  16003
1173  17999
1174  15979
1175  15993
1176  15998
1177  32024
1178  13996
1179  14098
1181  34121
1182  22060
1183  29787
1184  13896
1185  16014
1180  2523
1186  203478
1187  13993
1188  14003
1189  15998
1190  14007
1191  13991
1192  38215
1193  15786
1194  12111
1195  13878
1196  14105
1197  15900
1198  35969
1199  18250
1200  15768
1201  11981
1202  14228
1204  45873
1205  25912
1206  13994
1203  18321
1207  85951
1208  19723
1209  17980
1210  16119
1211  16004
1212  17892
1213  27995
1214  19986
1215  19989
1216  20016
1218  40089
1219  23995
1220  17919
1221  22096
1217  12120
1222  103986
1223  105743
1224  16000
1225  16100
1226  15997
1227  15994
1228  39903
1230  31997
1231  13997
1232  14102
1233  15892
1229  34289
1234  3715
1235  111995
1236  14095
1237  17898
1238  14011
1240  57983
1242  30003
1239  18356
1243  1642
1241  58266
1244  41829
1245  19897
1246  38363
1248  33731
1249  17896
1250  15998
1251  16004
1247  24348
1252  5645
1253  112128
1254  17890
1255  16002
1256  16013
1257  18010
1259  51968
1260  16001
1261  15985
1262  14099
1258  12237
1263  7693
1264  113984
1265  18003
1266  16002
1267  14083
1268  16020
1269  35896
1270  15996
1271  15995
1272  13996
1273  15999
1274  14005
1275  40105
1276  15868
1279  44100
1280  13902
1281  38010
1277  18298
1278  13988
1282  72132
1283  35561
1284  14010
1285  14100
1286  13895
1287  24003
1288  14083
1289  38013
1290  15892
1291  12002
1292  12068
1293  23924
1295  51983
1296  14124
1297  11992
1298  11903
1294  12308
1299  129790
1300  11991
1302  25899
1303  10072
1304  12024
1305  55900
1301  10222
1306  95758
1307  13995
1309  28090
1310  14013
1311  13995
1312  43998
1308  4195
1313  111718
1314  13993
1315  16002
1316  13997
1318  31994
1319  39982
1320  14095
1321  15918
1322  14104
1317  2114
1323  109883
1324  17895
1325  20000
1326  15995
1327  18011
1328  27988
1329  18098
1331  31989
1332  15906
1333  18002
1334  27998
1330  18312
1335  1655
1337  126122
1338  16009
1339  15870
1340  15990
1341  32031
1336  372
1342  211615
1345  54001
1347  48000
1343  12303
1344  12005
1346  44011
1348  37971
1349  62163
1350  21532
1351  20001
1352  19976
1353  20019
1354  18617
1355  23380
1356  19981
1357  32017
1358  15999
1359  15995
1360  16006
1361  17970
1362  32002
1363  20011
1364  14004
1365  15997
1366  13995
1368  51986
1369  20123
1370  13890
1371  14101
1367  16129
1372  95764
1373  104081
1374  15909
1376  28004
1377  15992
1378  14000
1379  42156
1375  10130
1380  4816
1381  109971
1382  15896
1383  16020
1384  13995
1386  48014
1387  19983
1389  29998
1385  10324
1390  5657
1388  58309
1391  55703
1392  17993
1393  26471
1394  17539
1395  17989
1396  16099
1397  17983
1398  17912
1399  24227
1400  19781
1402  33989
1403  17980
1404  18022
1405  25975
1401  12371
1406  7623
1407  106118
1408  13995
1409  16001
1410  13994
1412  57906
1413  16097
1415  27995
1411  6281
1416  9611
1414  64322
1417  45650
1418  16020
1419  15999
1420  34004
1421  17970
1422  16009
1423  16006
1424  15972
1425  22618
1427  39630
1428  16006
1429  15946
1430  16016
1426  14075
1431  3706
1432  112105
1433  16009
1434  15894
1435  14000
1436  13994
1437  16000
1439  50016
1440  15964
1441  14106
1442  13889
1443  12125
1438  26194
1444  105673
1445  13993
1446  14004
1448  26097
1449  15897
1450  42020
1451  13995
1447  8325
1452  5674
1453  107993
1454  14001
1455  13995
1456  14002
1457  16005
1458  13986
1460  62003
1461  13996
1463  24102
1459  40148
1462  42040
1464  22054
1465  89759
1466  15867
1467  16021
1468  14099
1469  15992
1470  15896
1471  32101
1472  15900
1473  15996
1474  13996
1475  15978
1477  48110
1478  13990
1479  13993
1480  16024
1481  13893
1476  2295
1482  214706
1483  13982
1484  12108
1485  15891
1486  12081
1487  13914
1488  36076
1489  18029
1490  13891
1491  14002
1492  13996
1493  13996
1494  33984
1495  17996
1496  16009
1497  12088
1498  13895
1499  12190
1500  37829
1501  13890
1502  20137
1503  11785
1504  10077
1505  14087
1506  39806
1507  10015
1508  19970
1509  16127
1510  9868
1511  8131
1512  42124
1513  11922
1514  15999
1516  31949
1517  36098
1519  27896
1515  18196
1518  62019
1520  49678
1521  9993
1522  8096
1523  33908
1524  8228
1525  9862
1526  46014
1527  9883
1528  7987
1529  8195
1531  17832
1532  8057
1533  8077
1534  9839
1535  7989
1536  8014
1537  8159
1538  7993
1540  16089
1541  9765
1542  6731
1543  9264
1544  6244
1545  9720
1546  7994
1547  8033
1548  7977
1549  8010
1550  7984
1539  4385
1551  3728
1553  18069
1554  9838
1555  8057
1556  9919
1557  9992
1558  8086
1559  8060
1560  9817
1561  10031
1562  8093
1552  4292
1563  5618
1564  9987
1566  20119
1567  10007
1568  9955
1569  11933
1570  9993
1571  9989
1572  10006
1573  10077
1574  10000
1565  6223
1575  5693
1576  10105
1577  11970
1578  11896
1579  12001
1580  10122
1582  23872
1583  10096
1581  78301
1530  305723
1584  133888
1585  28002
1586  23991
1588  49979
1589  25997
1590  20028
1587  12280
1592  33706
1593  25999
1594  23999
1591  10320
1595  15658
1597  53995
1598  26016
1599  26012
1596  8286
1600  19701
1601  30005
1602  27990
1603  27999
1604  28012
1605  26212
1606  23766
1607  23977
1609  42000
1610  19998
1611  18020
1612  18003
1608  10557
1613  11408
1614  20020
1615  95998
1616  18005
1617  19979
1618  18021
1619  18089
1620  19904
1622  36008
1623  16093
1624  17887
1626  33972
1621  4331
1625  74008
1627  109670
1628  20015
1629  21980
1630  20018
1632  40005
1633  19991
1634  17968
1635  17998
1636  20004
1631  323
1638  227695
1640  39998
1641  22107
1637  16217
1642  7676
1639  26314
1643  107659
1645  46013
1646  22013
1647  21994
1644  18308
1648  5662
1649  106014
1650  21996
1651  23983
1652  22022
1653  23993
1654  21964
1656  40132
1657  21898
1658  17994
1659  15999
1660  17974
1655  10247
1661  107770
1662  18002
1663  15997
1664  18017
1665  17980
1666  18001
1667  31975
1668  15992
1670  32124
1671  17877
1672  25980
1673  24097
1674  15898
1669  2244
1675  105895
1676  15898
1678  31990
1679  14000
1680  33997
1681  21986
1677  12330
1682  1669
1683  109994
1684  15998
1685  16122
1686  16003
1687  15898
1688  25983
1690  38090
1691  15899
1692  16012
1693  16000
1689  16326
1694  206655
1695  13983
1696  14112
1697  17908
1698  13985
1699  14121
1701  53910
1702  13975
1703  15989
1704  13995
1700  8320
1705  101930
1706  15761
1707  13997
1709  29970
1710  14110
1711  38094
1712  14061
1708  8064
1713  9691
1714  108104
1715  15889
1716  14102
1717  15998
1718  15897
1719  14098
1720  33985
1723  45910
1724  15997
1725  13977
1721  32341
1722  13973
1726  89711
1727  14092
1728  13902
1729  15989
1730  12092
1733  75911
1735  27999
1731  4360
1736  9633
1732  38360
1734  21980
1738  87656
1739  14001
1740  13993
1741  14002
1742  20008
1737  185
1743  218801
1744  13996
1745  15996
1746  14107
1749  73873
1751  28007
1747  2329
1748  15985
1750  53987
1752  41676
1753  60018
1754  16000
1755  14104
1756  15888
1757  16001
1758  13996
1759  42003
1760  12102
1762  31891
1763  14104
1764  34185
1766  35807
1761  233
1767  209658
1768  14005
1769  15997
1770  13996
1765  252104
1771  117892
1772  28023
1773  31978
1775  54008
1776  24204
1777  25757
1774  12344
1778  15642
1779  100004
1780  24014
1781  26002
1782  23997
1783  23975
1784  24024
1786  42095
1787  19879
1788  18120
1789  19888
1785  18302
1790  5695
1791  113994
1792  17989
1794  38020
1797  65987
1793  312
1795  38007
1796  24326
1798  57351
1799  18081
1800  19919
1801  19994
1802  17996
1803  18000
1804  18000
1805  19979
1807  38017
1809  34217
1810  18006
1811  19986
1806  8012
1808  34083
1812  73680
1813  18000
1814  16102
1815  15998
1816  15880
1817  18015
1819  44221
1820  15784
1821  15988
1822  14003
1823  18002
1818  289
1824  215804
1826  31992
1827  15899
1828  14099
1829  17863
1825  24324
1830  7697
1831  115994
1833  35989
1834  15834
1835  16107
1836  29889
1837  17997
1832  2238
1839  131740
1840  18019
1841  19977
1842  17997
1843  17994
1838  4332
1844  111685
1845  22000
1846  19991
1847  19984
1848  20019
1849  19975
1850  20016
1851  18000
1852  16108
1853  19873
1854  20020
1855  19992
1856  17980
1857  18017
1858  17995
1859  18012
1860  19993
1861  19993
1862  17977
1863  17995
1864  16230
1865  19790
1866  29994
1867  12101
1868  17897
1870  35980
1871  18129
1872  29990
1873  15892
1869  10322
1874  9656
1875  112021
1876  11991
1877  13998
1878  11998
1880  66089
1881  13893
1882  10122
1883  13995
1879  8119
1884  98077
1885  11693
1886  12102
1887  12000
1890  75999
1891  13991
1892  11998
1888  10234
1889  3970
1893  3686
1894  110004
1895  12097
1896  13903
1897  13993
1898  12101
1899  41980
1900  19913
1901  13995
1902  11971
1903  11999
1904  40027
1905  14004
1906  19994
1907  13994
1908  12013
1909  10226
1910  31740
1911  18016
1912  24220
1913  11881
1914  11990
1915  12000
1917  38008
1920  27992
1921  10077
1922  9892
1923  8101
1925  19797
1926  8127
1916  4207
1927  5769
1928  9985
1918  2202
1919  6053
1929  5744
1930  11918
1931  10109
1924  20163
1932  43826
1933  13890
1934  12108
1936  25869
1937  12127
1938  11995
1939  11997
1940  11982
1941  13916
1942  11967
1943  10347
1935  3878
1944  9910
1945  13995
1946  11969
1947  13920
1948  12069
1949  47907
1950  12011
1951  12006
1952  11991
1953  12100
1954  11984
1955  12021
1956  11866
1957  12136
1958  11890
1959  10081
1960  11991
1961  11930
1962  10089
1963  13999
1964  10119
1965  11876
1966  11897
1968  26099
1969  11888
1970  10185
1971  11907
1972  18014
1973  15871
1974  9995
1967  4308
1975  208820
1976  9996
1977  10054
1978  9944
1979  9992
1980  10002
1981  10049
1982  9962
1983  30112
1984  17741
1985  10136
1986  9964
1987  9917
1988  9999
1989  10079
1990  9998
1991  29902
1992  14019
1993  13995
1994  8075
1995  9930
1996  7970
1997  10016
1998  7974
1999  8099
2000  15920
2001  14173
2002  17940
2004  21885
2005  8072
2006  8023
2007  7980
2008  7927
2009  8073
2010  8020
2011  7895
2012  7996
2013  7980
2014  6196
2015  7904
2003  2241
2016  5897
2017  9746
2018  8098
2019  8034
2021  17982
2022  7989
2023  8061
2024  9835
2025  8098
2026  8070
2028  17846
2030  16193
2031  7983
2020  4161
2032  5729
2033  10024
2034  9896
2035  8156
2036  9965
2037  9972
2027  6282
2038  3699
2039  10017
2029  6211
2040  7781
2041  13995
2042  13901
2043  12106
2044  13891
2045  14082
2046  13895
2049  38115
2050  12011
2051  13887
2052  10100
2053  13889
2054  11989
2047  6334
2055  5676
2048  8320
2056  5781
2057  15864
2058  14129
2059  13998
2060  15893
2061  14074
2062  15932
2063  13970
2064  13992
2065  14026
2066  13996
2067  12084
2068  13890
2069  14019
2070  11978
2071  12123
2072  11977
2073  13920
2074  10135
2075  11957
2076  11913
2077  12068
2078  11913
2079  10080
2080  10030
2081  17896
2082  10076
2083  13998
2084  9990
2085  13927
2086  10105
2087  11972
2088  11886
2089  10127
2090  14075
2091  13826
2092  9964
2093  14104
2094  9919
2095  16100
2096  12004
2097  11970
2099  17907
2100  12092
2101  14035
2102  7992
2103  12053
2104  7933
2105  17896
2106  11998
2098  2367
2107  195958
2108  9654
2109  8195
2110  9813
2111  7975
2113  16203
2114  9822
2116  16109
2117  35870
2118  8013
2119  8014
2120  7984
2121  10104
2122  9899
2115  12174
2125  17801
2126  10116
2127  9984
2129  21920
2130  10000
2131  9960
2132  10137
2123  7984
2133  4005
2124  6092
2134  5881
2136  23911
2128  2281
2137  11721
2138  12103
2140  25981
2141  13997
2142  13915
2135  6311
2143  7668
2144  11983
2145  14000
2146  12128
2139  6229
2112  305727
2147  129928
2148  30004
2149  30001
2150  29998
2151  28007
2152  25989
2153  26002
2154  21989
2156  42105
2157  21897
2158  19994
2159  17978
2155  10345
2160  7674
2161  22000
2162  17969
2163  64013
2164  20008
2165  17953
2167  35875
2168  16131
2169  19888
2170  15996
2171  15989
2166  4303
2172  13691
2173  110093
2174  17908
2175  17998
2176  16100
2177  19899
2178  17990
2179  16101
2180  17875
2181  18018
2182  25980
2184  30097
2185  16007
2186  16024
2187  15960
2188  23898
2183  10321
2189  216685
2190  14096
2191  15897
2192  14115
2193  16012
2194  15884
2196  54113
2197  15867
2198  14118
2199  15895
2195  28273
2200  6037
2201  115684
2202  14001
2203  13992
2204  14003
2205  16003
2206  44002
2207  16091
2208  13895
2209  14111
2210  13877
2211  42010
2212  13994
2213  16100
2214  13893
2215  15991
2216  38005
2217  13990
2218  14440
2219  13934
2220  17628
2221  36564
2222  13671
2223  13985
2224  16002
2225  19773
2226  10224
2227  39876
2228  17878
2229  10013
2230  24009
2231  10092
2232  27876
2233  8377
2235  17733
2236  9906
2237  8065
2239  17900
2240  8128
2241  8075
2242  9789
2243  8009
2245  16198
2234  134
2247  19678
2248  8079
2249  10050
2238  211
2250  9757
2251  9874
2244  29407
2246  18934
2252  3864
2253  11915
2254  9970
2255  10021
2256  11923
2257  10082
2258  9965
2259  10029
2261  20976
2262  9092
2264  19925
2265  10024
2266  9981
2267  9884
2268  10009
2269  9962
2270  8126
2260  1283
2271  9743
2272  9946
2263  7179
2273  7811
2274  13898
2275  12127
2276  13891
2277  14000
2278  12109
2279  12999
2280  13900
2281  13061
2282  13908
2283  12037
2284  11996
2285  12060
2286  12011
2287  11155
2288  11869
2289  11971
2290  11009
2291  11874
2292  10135
2293  11972
2294  10009
2295  9981
2296  11157
2297  11738
2298  8202
2299  9899
2301  20887
2302  10006
2303  8122
2304  9855
2305  10012
2306  8187
2307  8985
2308  9845
2309  9985
2310  8091
2300  1510
2312  19356
2313  10126
2311  74206
2314  17669
2315  10117
2316  11897
2317  11997
2319  21971
2320  10136
2321  11990
2322  11899
2323  10079
2324  11910
2325  10103
2326  11908
2318  6304
2327  3757
2329  24030
2330  11964
2331  72021
2328  215
2333  27679
2334  13998
2335  12004
2336  12078
2337  13992
2338  13894
2339  12129
2332  2169
2340  15704
2341  18024
2342  15966
2343  16029
2344  55994
2345  17995
2346  14099
2347  15900
2348  14096
2349  15980
2350  15895
2351  13996
2352  14006
2353  14115
2355  27891
2356  15980
2357  20017
2358  15979
2359  18019
2354  8308
2360  101922
2361  15760
2362  12088
2363  13907
2364  12086
2365  15903
2366  12093
2367  37935
2368  13982
2369  13993
2370  13992
2371  11988
2372  16016
2373  40242
2374  19751
2376  24121
2377  11947
2378  15902
2379  46182
2375  4162
2380  111661
2381  10191
2382  11815
2383  10110
2385  21966
2386  63898
2387  10123
2388  11892
2384  4224
2389  101857
2391  26019
2392  13890
2393  14002
2390  48294
2394  56007
2395  109674
2396  16000
2397  18012
2398  14094
2400  55886
2402  30097
2403  17903
2399  6310
2404  9708
2401  48316
2405  61674
2406  15980
2408  48017
2409  16103
2410  17904
2411  15974
2407  32387
2412  92634
2413  18967
2414  16000
2415  16022
2416  16023
2417  17973
2419  53987
2422  46129
2418  15358
2420  45108
2421  27626
2423  75747
2424  14116
2425  17904
2426  15996
2427  14001
2428  15999
2429  42082
2430  15910
2432  29987
2434  46017
2435  22097
2431  8488
2436  9404
2433  18371
2437  91626
2438  13999
2439  13992
2441  28089
2442  43892
2443  13993
2444  12101
2440  16142
2445  99958
2446  11810
2447  16006
2448  15972
2449  18036
2450  15984
2451  23980
2452  22028
2453  17988
2454  16001
2456  31975
2457  24030
2458  24098
2455  24186
2460  103700
2461  17992
2462  15983
2463  16001
2464  15995
2459  236034
2465  115980
2466  29996
2467  29999
2468  31985
2469  30010
2472  75998
2473  24000
2470  4321
2471  37967
2474  67912
2475  27787
2476  26008
2477  29992
2478  25997
2480  45997
2481  24000
2482  19985
2483  20014
2479  16203
2484  99795
2486  49995
2487  22002
2488  23997
2485  12314
2489  110043
2490  23613
2491  30019
2492  27995
2493  31996
2494  27998
2495  24002
2496  23977
2497  24017
2498  22008
2500  40189
2501  21899
2503  39894
2499  2317
2502  70006
2504  45653
2505  20019
2506  17993
2507  17984
2509  38021
2510  23992
2512  34008
2513  17967
2508  383
2511  49951
2515  131659
2516  20026
2517  21979
2518  19993
2519  20017
2514  218
2520  105797
2522  43960
2523  20020
2524  19992
2521  28315
2526  17663
2525  66341
2528  67672
2527  64296
2529  50003
2530  28012
2532  25682
2531  8288
2533  39706
2534  35995
2536  63991
2537  29984
2535  12336
2538  15664
2539  120013
2540  28002
2541  30001
2542  27996
2543  23975
2544  24018
2545  23980
2546  22009
2547  24003
2548  20115
2549  25888
2551  35991
2552  16213
2553  33773
2554  18013
2550  4314
2555  111788
2556  15996
2557  17891
2558  15972
2559  16000
2560  34215
2561  21806
2562  14000
2563  14099
2564  15902
2565  14092
2566  35879
2568  34015
2570  36004
2571  15974
2572  26023
2567  6288
2569  29947
2573  81753
2574  14100
2575  15898
2576  13993
2577  16012
2578  14000
2579  44100
2580  13990
2581  15883
2582  12108
2583  13976
2584  39904
2586  34114
2587  13899
2588  11976
2589  36380
2590  13867
2585  7963
2591  101783
2592  12104
2593  14003
2594  12010
2596  25900
2597  46195
2598  14016
2599  12090
2600  12041
2595  3865
2601  101773
2602  13995
2603  11997
2604  12003
2605  14014
2606  12090
2607  43878
2608  13993
2610  26009
2611  11997
2612  12115
2613  43971
2614  13892
2609  4339
2615  109681
2616  11997
2617  12102
2618  11969
2619  12043
2620  11997
2621  41860
2622  20018
2623  11996
2625  23976
2627  45998
2628  28226
2624  10108
2629  3685
2626  20320
2630  81775
2631  12003
2632  11893
2633  11972
2634  11996
2635  10160
2636  47863
2637  17998
2640  33985
2641  11990
2642  40131
2638  22206
2639  8003
2643  72034
2644  105614
2645  13808
2646  12012
2647  11988
2648  12079
2650  56027
2651  15995
2652  14000
2653  13899
2649  6296
2654  7709
2656  119974
2657  14089
2658  13998
2660  27895
2659  82328
2655  305770
2661  135920
2662  29994
2663  31999
2664  30005
2666  63994
2667  28213
2668  29760
2665  14214
2669  92127
2670  15673
2671  31980
2672  33992
2673  35999
2674  32023
2675  32000
2676  31990
2677  33992
2678  32007
2679  29996
2680  32002
2681  31977
2682  30002
2683  29999
2684  30013
2685  31996
2686  26000
2687  26006
2688  23973
2689  24025
2690  21988
2691  22001
2692  23997
2693  21980
2694  18119
2695  17889
2696  18002
2697  21997
2698  24106
2699  17877
2700  16120
2701  17892
2702  16108
2703  23996
2704  21895
2706  38004
2707  15990
2708  13996
2709  34003
2705  8299
2710  105690
2711  12000
2712  11996
2713  12098
2714  12003
2715  51972
2716  19924
2719  34099
2720  11902
2721  58088
2717  232
2718  17962
2722  93704
2723  13999
2724  93999
2725  13995
2726  12083
2728  25989
2729  51929
2730  12071
2731  13916
2727  10216
2732  3784
2733  103994
2736  40000
2737  14109
2738  39875
2734  6386
2735  19946
2739  85659
2741  32014
2742  14002
2743  13977
2744  14122
2740  42106
2745  4086
2746  107703
2749  46001
2750  15998
2747  42308
2748  18004
2751  41996
2752  51680
2753  19977
2755  36018
2756  17974
2757  18021
2758  26083
2754  10223
2759  211512
2761  39176
2762  17991
2763  17999
2764  18000
2760  22286
2765  1711
2766  115997
2767  17983
2768  20025
2769  20069
2770  19916
2771  19996
2772  17982
2773  20019
2774  18099
2775  21899
2776  15997
2777  19995
2778  17977
2779  20020
2780  17999
2781  25998
2782  14104
2783  15892
2784  17999
2785  20004
2786  19995
2788  40079
2789  16019
2790  17993
2791  19972
2792  19931
2787  310
2793  123676
2794  14104
2795  15893
2797  30003
2798  46096
2799  13997
2800  13998
2796  2215
2801  113682
2804  44094
2805  15980
2806  15898
2802  34339
2803  11979
2807  91699
2808  27992
2809  22003
2810  19995
2811  19995
2812  20005
2813  31978
2814  18016
2815  16107
2817  35970
2818  31907
2819  18011
2820  15994
2816  8329
2821  103665
2822  16093
2823  17889
2824  15996
2825  16128
2826  15994
2827  33887
2828  16000
2829  15978
2830  14102
2831  17918
2833  50102
2834  15996
2835  16000
2836  15893
2837  16017
2832  16634
2838  210448
2839  13997
2841  27999
2842  13869
2843  14005
2844  48027
2840  281
2845  115807
2846  13993
2847  15896
2848  13999
2849  15998
2850  13997
2852  58001
2853  14003
2854  12087
2851  48160
2855  64327
2856  35814
2857  17697
2859  33883
2860  16010
2861  16005
2862  33990
2858  12329
2863  7672
2864  109988
2865  17983
2866  16017
2867  16077
2868  17914
2869  27974
2870  20023
2871  15981
2872  15995
2873  18028
2875  41990
2876  21997
2877  15995
2878  15978
2874  14362
2879  5658
2880  108102
2881  16002
2882  13994
2883  13981
2884  14016
2885  37880
2886  20128
2887  13979
2888  14003
2889  15893
2891  48004
2892  21995
2893  14104
2894  13892
2890  6336
2895  9644
2896  112011
2897  14002
2898  11997
2899  12103
2900  13867
2901  48023
2902  13999
2903  13995
2904  12002
2905  14005
2906  12082
2907  45917
2908  13992
2909  14000
2910  12104
2911  17894
2912  18379
2913  39720
2915  35887
2916  12003
2917  12099
2918  41877
2914  12321
2919  210680
2921  27989
2922  14002
2923  12125
2924  49965
2920  2240
2925  115781
2926  15894
2928  28105
2929  15976
2930  35915
2931  24086
2927  6257
2932  11647
2933  110000
2934  14108
2935  15895
2936  16008
2937  16072
2938  37890
2939  20019
2940  13998
2941  14099
2942  14003
2943  25875
2944  34021
2945  16000
2946  12091
2947  14002
2948  23980
2949  34043
2950  26088
2951  11859
2952  10020
2953  22004
2954  18494
2955  53371
2956  10019
2957  11998
2958  19971
2959  56134
2960  13973
2961  11894
2962  8125
2963  9897
2964  7998
2965  9995
2967  16189
2968  9793
2969  8168
2970  9849
2971  8071
2972  8153
2973  9845
2974  8033
2975  7974
2976  8157
2977  9720
2966  4335
2978  3801
2979  7
2980  6
2981  6666
2982  8099
2983  9878
2984  8133
2985  9979
2986  9907
2987  9994
2988  8083
2989  10026
2990  9902
2992  17981
2993  8154
2994  9833
2995  8124
2996  9868
2997  8205
2998  9788
2999  8021
3000  8078
3001  9910
2991  6399
3002  1716
3003  9964
3004  9920
3005  10131
3006  9838
3007  8174
3008  9936
3009  9999
3010  9985
3011  9910
3012  8248
3014  19869
3015  9912
3016  8243
3017  9852
3018  9877
3019  8115
3020  9862
3021  10001
3022  8017
3023  8073
3013  2217
3024  7815
3025  10043
3026  9922
3027  10032
3028  9964
3029  11888
3030  8194
3031  9941
3034  30048
3035  9941
3036  10003
3037  9988
3038  9926
3039  9967
3040  8105
3041  9970
3032  6218
3042  3784
3043  11891
3033  319
3044  9703
3045  10084
3046  11878
3047  10030
3048  9990
3049  10092
3051  21895
3052  9992
3053  10095
3054  10105
3057  31808
3058  9985
3059  8114
3050  8223
3060  3671
3061  10107
3062  11872
3063  10129
3064  10146
3055  2084
3056  7957
3065  3776
3066  9999
3068  22024
3069  11872
3070  10094
3071  11922
3072  9985
3074  22009
3075  10102
3067  6200
3076  5781
3077  13884
3078  10103
3079  12029
3080  11974
3081  13892
3073  4312
3082  7684
3083  12022
3084  10108
3085  13868
3086  11989
3087  12022
3088  10121
3089  13874
3090  11983
3093  34127
3094  11874
3095  10096
3096  10023
3097  11994
3098  9985
3099  10007
3091  8226
3100  3778
3092  4164
3101  9709
3102  10101
3103  11997
3104  11911
3105  12002
3106  11997
3107  10066
3108  11927
3109  12101
3110  11879
3111  10103
3112  11913
3113  11994
3114  10018
3115  9998
3116  10098
3117  11890
3118  9968
3119  9993
3120  10042
3121  9965
3122  10016
3123  8087
3125  19906
3126  8162
3127  9913
3128  8156
3129  9865
3130  9900
3131  8075
3132  8171
3134  17896
3135  9848
3124  260
3137  19707
3138  10024
3139  8151
3140  9948
3141  10053
3142  9953
3143  9995
3133  2280
3144  7694
3145  10067
3136  8170
3146  3674
3147  10116
3148  9981
3149  11996
3150  11907
3151  10074
3152  11885
3153  12020
3154  9983
3155  10108
3156  11911
3157  10103
3158  11890
3159  10009
3160  9988
3161  10155
3162  9925
3163  10026
3164  9969
3165  10002
3167  19921
3168  8095
3169  9992
3170  9883
3171  8113
3172  9906
3173  8140
3174  9845
3175  7975
3176  8125
3166  4256
3177  7615
3178  8172
3179  9954
3180  9868
3183  30000
3184  8269
3185  11750
3186  8152
3187  9942
3188  9905
3189  10068
3190  9920
3191  8084
3181  191
3192  11699
3182  347
3193  11748
3194  12020
3195  12010
3196  11968
3199  36025
3200  11993
3201  11998
3202  11980
3204  23914
3205  11971
3197  345
3198  7950
3206  5723
3207  14001
3208  13996
3209  14100
3210  14006
3203  4196
3211  11687
3214  42000
3215  14013
3216  13969
3217  16017
3218  12103
3212  4199
3219  11679
3213  8308
3220  7675
3221  16096
3222  15915
3223  15995
3224  14102
3225  17901
3227  29996
3228  14096
3229  15915
3231  27981
3226  14312
3234  31666
3235  14092
3236  15896
3230  6335
3237  11685
3232  16308
3238  1690
3239  19999
3233  198
3240  21800
3241  23979
3242  22018
3243  21994
3244  20005
3245  21991
3246  17998
3247  17813
3248  17982
3249  18009
3250  15998
3251  16012
3252  15991
3253  15993
3254  14113
3255  13994
3256  15891
3257  14098
3258  13897
3259  14008
3260  12095
3261  16007
3262  17965
3263  15916
3264  15976
3265  20026
3266  15967
3267  12097
3268  17987
3269  18018
3270  19977
3271  21924
3272  16100
3273  20373
3274  15869
3275  17672
3276  32094
3277  14112
3278  13952
3279  25910
3280  15897
3281  32131
3283  27973
3284  26137
3285  17754
3282  38364
3286  89953
3287  15778
3288  9907
3289  10004
3290  9989
3291  8104
3292  55899
3293  23973
3294  10024
3295  8177
3296  9805
3297  8192
3298  9821
3299  8104
3300  7997
3301  10001
3302  8002
3303  9872
3304  7995
3305  8175
3306  9825
3308  16005
3309  8118
3310  8074
3311  7997
3312  8074
3313  9709
3314  8023
3315  7987
3316  8010
3317  8083
3318  8001
3307  4302
3319  3700
3320  9882
3321  8212
3322  9792
3323  8121
3324  9880
3325  8196
3326  9801
3327  8113
3328  9909
3329  8139
3330  9845
3331  8082
3332  8167
3335  27749
3336  7981
3337  8189
3338  9808
3339  8012
3340  8006
3341  8140
3342  8042
3343  7958
3344  8106
3333  8054
3345  1654
3334  4320
3346  5704
3348  17998
3350  18078
3351  9927
3352  8078
3353  10012
3354  9898
3355  8071
3356  9931
3347  12349
3358  7622
3359  10008
3360  12011
3361  11970
3363  22122
3364  11901
3365  12074
3357  2213
3366  11671
3367  12131
3368  13894
3369  12115
3362  6187
3370  9694
3371  13998
3372  14006
3373  15959
3375  27980
3376  14113
3378  29981
3379  14003
3380  15911
3374  279
3381  17733
3382  15989
3377  8281
3383  9745
3384  17998
3385  19975
3386  18017
3387  17993
3389  37995
3390  18003
3391  18001
3392  17974
3388  16323
3393  3777
3394  21892
3395  20019
3396  19996
3398  42106
3399  21901
3400  19990
3401  22009
3397  8312
3403  37670
3404  24011
3405  23967
3402  14320
3406  11681
3407  22016
3408  23997
3409  23976
3410  24020
3411  21996
3412  23981
3415  69998
3416  24017
3417  23971
3413  8264
3414  18075
3418  3692
3419  25986
3420  25998
3421  28004
3422  26004
3423  25969
3424  26023
3425  27987
3426  26002
3428  49978
3429  30025
3349  10064
3427  106019
3430  139709
3431  54001
3432  51997
3433  44000
3434  35996
3435  29979
3436  27998
3437  27997
3440  68026
3441  21987
3442  20306
3443  21665
3439  10275
3444  113921
3438  313876
3445  145946
3446  62001
3447  55995
3449  83999
3450  31995
3448  32211
3451  74096
3452  51667
3453  43998
3454  40038
3455  35980
3456  29998
3457  31995
3458  25997
3459  28002
3460  29997
3461  23994
3462  22015
3463  23986
3465  49977
3466  20017
3467  17999
3468  19995
3464  16219
3469  5777
3470  115982
3471  16014
3472  15997
3473  17999
3474  15993
3475  42001
3476  14107
3477  17871
3479  28097
3481  57925
3482  12095
3478  10199
3483  5695
3480  42643
3484  71347
3485  18003
3486  24008
3487  15973
3488  16019
3489  17974
3490  20015
3491  19003
3492  24999
3494  32021
3495  27971
3496  14001
3497  22333
3498  19671
3493  2205
3499  205759
3500  14007
3501  16008
3503  27982
3504  14004
3505  42122
3502  18211
3506  85978
3507  21694
3508  17986
3510  36014
3511  25997
3512  17991
3513  17977
3509  14349
3514  3671
3515  109978
3517  36016
3518  17999
3520  38000
3521  22071
3516  290
3519  49937
3522  71670
3523  24018
3524  21999
3525  23998
3527  43996
3528  19994
3529  22000
3530  17996
3531  16110
3526  2113
3532  115778
3534  39997
3535  17995
3536  19997
3537  20001
3538  17999
3533  2292
3539  119705
3540  19998
3541  19975
3542  19998
3544  38122
3545  21889
3546  17999
3547  17997
3543  14312
3548  208669
3549  20015
3550  19996
3551  17999
3552  20002
3553  19974
3554  19993
3555  22009
3556  15993
3557  20017
3558  18000
3559  19974
3560  18000
3561  22003
3562  15997
3563  20015
3564  16012
3565  19979
3567  42002
3568  13996
3570  37972
3571  18021
3566  6224
3569  50066
3572  57788
3573  15901
3574  12095
3575  23916
3576  12105
3577  15893
3578  34086
3579  15892
3580  16010
3581  18243
3582  13763
3583  23992
3584  26003
3585  15995
3586  13997
3587  19985
3588  24011
3589  24456
3590  19540
3593  62001
3594  11995
3595  32108
3591  6199
3592  10268
3596  99497
3597  101899
3598  11997
3599  10117
3600  11896
3601  12109
3602  61873
3603  13997
3604  10124
3605  11864
3607  68118
3609  27825
3606  8222
3610  3695
3608  70452
3611  33514
3612  10134
3613  59876
3614  10119
3615  11891
3616  10090
3619  85909
3620  9996
3621  12111
3617  4220
3618  55945
3622  53714
3623  50007
3624  10071
3625  12018
3626  11895
3627  10104
3628  57979
3629  14070
3630  11844
3631  10100
3632  11887
3633  54000
3634  14099
3635  13903
3636  10079
3637  10023
3638  51875
3639  10009
3641  18003
3642  8100
3643  9881
3644  8121
3645  50043
3640  8157
3646  1684
3647  9996
3648  8227
3649  11770
3650  8083
3651  9891
3652  10021
3653  9973
3654  8200
3655  9929
3656  9877
3658  19993
3659  8096
3660  9921
3661  9986
3662  8163
3663  9950
3664  8123
3665  9872
3666  9912
3657  10261
3669  17891
3670  9929
3671  10005
3672  9971
3673  10004
3674  10027
3675  9964
3676  9917
3667  4329
3677  7755
3668  2227
3678  11683
3679  11989
3680  11986
3681  14030
3682  11982
3683  12002
3684  12103
3685  13890
3686  12010
3687  11964
3688  12021
3689  12002
3690  11974
3691  10106
3692  11919
3693  11988
3695  20078
3696  10030
3697  11894
3698  10074
3699  10021
3700  9879
3701  10094
3702  10018
3694  10497
3704  9510
3705  11965
3706  10033
3707  11890
3708  9994
3709  11976
3710  10029
3711  10076
3703  8203
3712  3681
3713  12047
3714  10088
3715  9994
3716  11864
3718  22020
3719  9981
3720  10122
3721  11870
3722  10108
3723  10021
3724  9969
3717  22196
3727  11718
3728  10113
3729  11971
3730  11885
3731  10129
3733  23980
3725  227
3726  17977
3735  9684
3736  14125
3737  15915
3738  13979
3739  13970
3732  2339
3740  13683
3734  4313
3741  15664
3742  18016
3744  34002
3745  19994
3747  32109
3748  17888
3743  14192
3749  3782
3750  18022
3751  17996
3746  14211
3752  3788
3753  19995
3754  17971
3755  18026
3756  16107
3757  19895
3758  17992
3759  16102
3760  17880
3761  16099
3762  16013
3763  15884
3764  16013
3765  15994
3766  13998
3767  14102
3768  14001
3769  15896
3770  14008
3771  12095
3772  13886
3773  16005
3774  16105
3775  15887
3776  16001
3777  22002
3778  13994
3779  14084
3780  16019
3781  19996
3782  17994
3783  22074
3784  15927
3785  15898
3786  23977
3787  18017
3788  23982
3789  19998
3790  14123
3791  15993
3792  29902
3793  23963
3795  32127
3796  16001
3797  32009
3794  38110
3799  9769
3798  76267
3800  23730
3801  10079
3803  67921
3804  10074
3805  20025
3802  10209
3806  1929
3807  11725
3808  10133
3809  12005
3810  11884
3811  10088
3812  10018
3813  11997
3814  11872
3815  10122
3816  11904
3818  20073
3819  11924
3820  9988
3821  10097
3822  9906
3823  9998
3824  8221
3825  11769
3826  8107
3817  8188
3827  1679
3828  10121
3829  11905
3830  10079
3831  10006
3832  10001
3833  11902
3834  10076
3835  10024
3836  17996
3837  11990
3838  9902
3840  19997
3841  10012
3842  9981
3843  8185
3844  9900
3845  10017
3846  8053
3848  18090
3839  8056
3849  3666
3850  8124
3851  10001
3853  21869
3854  8171
3855  9923
3856  9986
3847  8303
3857  3686
3858  9900
3859  9995
3860  9997
3861  10100
3852  6310
3862  5685
3863  11901
3864  10099
3865  11994
3866  11897
3867  10108
3868  11892
3869  12000
3870  10101
3871  11891
3872  10102
3873  11897
3874  10098
3875  9998
3876  10140
3877  11753
3878  10002
3879  9993
3880  10000
3881  9996
3882  8175
3884  19825
3885  9997
3886  8096
3887  9897
3888  8098
3889  10014
3891  17886
3892  7995
3893  8172
3883  8088
3894  1737
3895  10009
3896  8233
3897  11753
3899  18098
3900  9894
3890  6283
3901  3822
3902  9990
3903  9901
3905  19995
3906  8101
3907  9997
3908  9900
3898  269
3909  11726
3910  10103
3911  9994
3912  11898
3913  11997
3904  4361
3915  17733
3917  25895
3919  23995
3920  11999
3921  12098
3914  8194
3922  5699
3923  12004
3916  10360
3924  1635
3925  15998
3918  4277
3926  9816
3928  31895
3929  15996
3930  14100
3931  15902
3933  29992
3927  6293
3934  9712
3935  15993
3936  15993
3937  18005
3938  14101
3932  180
3939  17707
3940  16000
3941  16001
3942  15996
3943  16011
3944  15988
3945  17996
3946  14100
3947  15902
3948  14176
3949  15940
3950  15899
3951  13998
3953  27999
3954  12120
3956  25996
3957  13998
3958  12010
3959  11990
3952  6274
3960  7686
3961  15901
3955  12407
3962  89893
3963  109674
3964  14111
3965  17887
3966  13998
3967  15994
3968  14104
3969  15998
3970  15898
3973  43994
3974  14001
3975  12100
3976  13897
3977  14100
3971  16134
3978  3863
3972  173
3979  213721
3980  15996
3981  15998
3982  15996
3983  16004
3984  14093
3985  21901
3986  16001
3987  16094
3989  34000
3990  17893
3991  16002
3992  22002
3988  22260
3994  201730
3995  14000
3996  14000
3997  14099
3998  105987
3993  316026
3999  127918
4000  31984
4001  34009
4003  60000
4004  25985
4005  28032
4002  2287
4006  25691
4007  97979
4008  24015
4009  28005
4010  25998
4011  23993
4012  23998
4013  23974
4014  20025
4015  18225
4016  19764
4017  23997
4018  19998
4019  18120
4020  19863
4021  20017
4022  15998
4023  23997
4024  18073
4025  22029
4026  15892
4027  18074
4028  22112
4029  19862
4030  18002
4031  21925
4032  14100
4033  17996
4034  26022
4035  19876
4036  20287
4037  17725
4038  17969
4039  16030
4040  28106
4041  20259
4042  19742
4043  17973
4044  16009
4045  31880
4046  26442
4048  37572
4049  25971
4050  36600
4047  1753
4051  210747
4053  18093
4054  9808
4055  8114
4052  74119
4056  5776
4057  101996
4058  10006
4059  9995
4060  10023
4061  71968
4062  13995
4063  10003
4065  71997
4066  8174
4067  9930
4068  9890
4064  6313
4069  3678
4070  10105
4071  9968
4072  10033
4073  10054
4074  9993
4075  10025
4076  10050
4077  11870
4078  10010
4079  9881
4080  9975
4081  10141
4082  9987
4083  9964
4084  9920
4086  19975
4087  9995
4088  8136
4089  9964
4091  18005
4092  9919
4093  8157
4094  9839
4095  8111
4085  6175
4096  3683
4097  10124
4099  19974
4100  10006
4090  6140
4101  55875
4102  9995
4098  295
4103  11702
4104  11877
4105  11990
4106  10108
4107  11928
4108  10076
4109  11990
4110  11918
4111  10106
4112  11895
4113  11971
4114  10031
4116  20072
4117  11887
4118  10134
4119  9870
4120  10015
4121  10102
4122  9877
4123  8195
4124  9905
4115  2238
4126  19746
4127  10037
4128  9971
4129  12012
4130  10006
4131  9977
4132  11885
4133  10127
4125  12176
4136  21790
4137  13901
4138  10115
4139  11997
4140  11886
4141  12086
4142  12031
4134  4165
4143  7853
4135  4134
4144  9755
4145  13996
4146  12070
4147  13893
4148  14000
4149  14021
4150  12098
4151  13897
4152  12107
4153  13961
4154  11998
4156  25884
4157  11994
4158  12029
4159  10220
4160  11876
4161  11999
4162  11909
4155  8277
4163  3723
4164  12001
4165  12111
4166  11957
4167  12022
4168  12004
4169  13976
4170  12004
4171  12009
4172  12001
4174  24011
4175  11895
4176  10074
4177  12015
4178  11892
4179  10102
4180  9975
4181  11939
4173  4275
4182  7704
4184  22102
4185  13878
4186  10119
4187  11904
4188  11991
4189  12085
4190  11889
4183  8321
4191  3670
4192  12122
4193  13899
4194  12103
4195  13892
4197  26102
4198  11975
4199  13891
4200  12026
4201  13994
4202  12003
4203  10103
4196  4211
4204  9765
4206  27893
4207  13993
4208  12040
4209  14093
4210  13885
4211  12101
4205  12221
4212  1674
4213  15971
4214  14139
4215  15884
4216  14000
4217  15970
4218  14034
4219  13990
4220  14002
4221  14097
4222  14002
4223  13892
4224  12104
4225  13978
4226  13899
4227  11993
4229  24129
4230  11994
4231  11862
4233  26245
4234  17769
4228  10325
4232  52003
4235  101674
4236  12100
4237  13895
4238  11992
4239  11981
4240  12023
4241  12106
4242  12001
4243  25870
4244  12015
4245  13998
4246  12001
4247  12006
4248  11996
4249  11978
4250  16011
4251  25997
4252  18085
4253  13913
4254  9991
4255  10161
4256  13847
4257  16077
4258  9880
4259  28135
4260  11906
4261  14081
4262  10003
4264  29874
4267  29991
4268  8023
4269  7981
4270  8117
4271  7899
4272  7992
4263  2290
4273  5867
4274  9815
4276  16248
4265  6162
4277  3763
4266  4130
4278  7828
4279  11863
4280  10100
4282  23918
4284  20098
4275  4194
4285  9805
4286  12002
4287  12025
4289  25942
4281  2237
4290  11765
4283  12138
4291  1778
4293  28106
4288  24185
4295  3818
4296  13962
4297  15922
4298  13960
4299  12104
4292  322
4300  15563
4294  2324
4301  17664
4302  16099
4303  17911
4304  16084
4307  51896
4308  16003
4309  16104
4310  15889
4311  16001
4305  4174
4312  11858
4306  263
4313  19723
4314  15991
4315  15987
4317  34140
4319  33890
4320  15996
4321  16102
4322  15900
4316  2209
4323  15778
4318  6320
4324  11660
4325  20019
4326  19800
4327  17978
4328  34242
4329  21759
4330  18017
4332  34001
4334  34077
4335  15915
4336  15999
4331  8285
4337  9820
4333  18218
4338  85670
4339  17974
4340  16007
4341  18090
4342  17920
4343  16097
4344  17882
4345  18016
4346  25970
4347  15999
4349  30130
4350  17866
4351  14114
4352  33913
4348  16293
4353  3681
4354  110014
4355  13977
4356  14005
4358  30084
4360  64005
4361  15917
4357  4300
4362  9800
4359  18173
4363  85718
4364  14422
4365  17577
4366  13996
4367  14102
4368  15869
4369  42000
4370  16128
4371  13996
4372  13906
4373  14091
4374  34218
4375  21675
4376  15993
4377  16003
4378  11994
4379  24298
4380  25700
4381  22084
4382  16019
4383  15892
4384  9988
4385  24112
4386  37995
4387  16000
4388  14146
4389  17752
4390  16094
4392  63998
4393  15896
4394  19999
4395  8073
4391  32250
4396  109649
4397  8195
4399  17981
4400  9941
4401  73999
4398  288
4402  201606
4403  10073
4404  9917
4405  10108
4406  9996
4407  70108
4409  21788
4411  68237
4412  9859
4413  9999
4408  2223
4415  17773
4410  224
4416  11681
4417  10094
4418  9970
4419  10021
4420  10157
4422  21841
4423  9896
4414  2315
4424  9686
4425  11966
4426  12000
4427  10098
4429  24001
4421  237
4430  13675
4431  12073
4432  13924
4433  14002
4434  12103
4435  13904
4428  4268
4436  11698
4437  16022
4438  13991
4440  28111
4441  15995
4442  13999
4443  13998
4444  13999
4445  15889
4439  4383
4446  9723
4447  15888
4448  14080
4449  17920
4450  13998
4451  14080
4452  15919
4453  15989
4454  14112
4455  13995
4456  13993
4457  15901
4458  12097
4460  25990
4461  14007
4462  11972
4463  13901
4464  20016
4465  16106
4459  4201
4466  113680
4467  12003
4468  12099
4469  13999
4470  13901
4471  11974
4472  12138
4473  25854
4474  18133
4475  16101
4476  15782
4477  14072
4478  13921
4480  44103
4481  15902
4482  15987
4483  15975
4479  10334
4484  103877
4485  13805
4486  12109
4487  13889
4488  11999
4489  13996
4490  44270
4491  13714
4492  12016
4493  13997
4494  11990
4495  12028
4496  37975
4497  22102
4498  11874
4499  9989
4500  12126
4501  13895
4502  30018
4503  28090
4504  12004
4506  22065
4507  11900
4508  32018
4509  10001
4510  9869
4511  8127
4512  9898
4505  2329
4513  7746
4514  10027
4515  97971
4516  10018
4517  10075
4518  9903
4519  10020
4520  10002
4521  10050
4522  9950
4523  9993
4524  9975
4525  10019
4526  10001
4527  9876
4528  10010
4529  9999
4530  8073
4531  9927
4533  18100
4534  9894
4535  8083
4536  9911
4537  8084
4538  9925
4539  8098
4540  8168
4541  9818
4542  7981
4543  8089
4532  2213
4544  7870
4545  11718
4546  8120
4547  10002
4548  9890
4549  10110
4550  9888
4552  18101
4553  9978
4554  10021
4555  9871
4556  8254
4557  11758
4560  26251
4561  9837
4551  208
4562  11684
4563  10013
4564  10013
4565  10178
4566  11784
4567  10022
4558  6308
4568  3782
4559  2214
4569  11788
4570  13877
4571  12096
4572  13924
4573  13997
4574  12103
4575  13893
4576  12081
4577  13891
4579  24094
4580  12037
4581  13882
4582  10079
4583  12023
4584  11900
4585  12001
4586  10097
4578  8140
4587  3730
4588  12013
4589  12108
4591  23977
4592  11999
4593  13895
4594  12022
4595  10391
4596  13608
4597  11994
4590  10287
4598  1681
4599  12133
4600  13883
4601  13995
4602  12077
4603  13895
4604  38092
4605  13895
4606  12090
4607  11997
4608  11901
4609  12110
4610  12007
4612  22040
4613  13873
4614  10110
4615  11892
4616  10084
4617  11881
4618  10141
4619  9961
4611  8296
4620  3595
4621  102025
4622  10101
4623  11891
4624  11983
4625  11988
4626  10130
4627  12013
4628  11882
4629  11975
4630  10119
4631  12007
4632  10004
4633  11961
4634  10006
4635  11876
4636  9992
4637  10103
4639  19995
4640  11996
4641  12078
4642  9990
4643  9930
4644  11999
4645  9998
4646  13896
4638  8292
4647  96154
4648  103594
4650  22072
4651  11898
4652  10128
4653  13896
4654  10080
4655  11930
4657  22093
4649  190
4658  13682
4656  72339
4659  35646
4660  11996
4661  12100
4662  11996
4663  13876
4664  12002
4665  12126
4667  23974
4668  12034
4670  29982
4671  11973
4672  13894
4673  18326
4669  38046
4666  304797
4674  121823
4675  24018
4676  22006
4677  25973
4678  24038
4679  21977
4680  20000
4681  21997
4682  18001
4683  17987
4684  17988
4685  18018
4686  15996
4687  22237
4688  17996
4690  35957
4691  18006
4693  40013
4694  19782
4689  339
4692  51975
4695  109676
4696  14004
4697  15994
4698  14005
4699  13990
4700  14003
4701  41994
4702  13981
4703  13996
4704  14023
4706  44206
4707  24049
4708  13968
4709  13987
4710  14005
4705  4024
4711  199730
4712  14102
4713  15898
4714  14112
4715  13979
4716  15926
4717  36212
4718  13875
4720  29901
4721  14104
4722  13973
4723  35936
4724  16073
4719  6377
4725  100169
4726  13452
4728  25997
4729  13981
4730  13924
4731  37988
4732  13979
4727  4307
4733  105942
4734  13864
4735  14001
4736  13993
4737  15880
4738  14037
4739  28309
4741  35770
4742  13890
4743  12104
4744  15903
4745  23993
4740  12298
4746  212696
4747  14004
4748  12074
4749  13996
4750  13903
4751  12103
4752  47889
4754  26122
4755  13894
4757  47998
4753  16314
4756  39983
4758  66192
4759  13610
4760  11996
4762  27888
4763  11993
4764  52007
4765  12100
4761  4224
4766  107896
4767  13862
4768  13896
4769  13989
4770  12108
4771  13894
4772  48012
4773  12128
4774  13873
4775  13996
4777  45997
4778  25977
4779  14005
4780  14000
4776  4344
4781  7784
4782  107980
4783  11812
4784  11998
4785  13897
4786  11976
4787  40370
4788  19961
4789  13681
4790  10293
4791  13906
4792  12027
4793  41978
4795  32036
4796  11985
4797  12144
4798  32248
4794  27646
4799  78103
4800  37615
4801  12074
4802  12024
4803  12009
4804  29885
4805  41998
4806  13997
4807  10092
4808  12005
4809  29903
4810  40007
4811  13987
4812  11995
4813  10076
4814  28001
4815  38018
4816  11911
4817  14085
4818  11999
4819  8830
4820  9148
4821  9989
4822  8102
4823  9820
4824  8097
4825  9922
4826  8057
4827  8099
4828  9825
4829  8089
4830  8087
4831  8926
4832  8890
4833  8073
4834  8019
4835  7976
4836  8022
4837  8046
4838  8050
4839  7880
4840  7987
4841  8125
4842  7901
4843  7974
4844  7205
4845  8826
4846  7985
4847  7900
4848  6220
4849  7964
4850  7908
4851  7901
4852  6321
4853  7907
4855  15771
4857  14152
4859  13999
4860  7950
4862  14063
4864  14089
4854  26032
4868  2009
4856  10082
4870  7684
4871  7917
4858  1384
4872  7609
4873  7997
4861  5314
4874  1872
4875  7966
4863  2203
4876  7647
4877  9973
4865  2306
4866  2076
4878  5629
4867  6222
4879  1915
4869  8181
4880  1662
4881  9984
4882  8126
4883  8074
4884  8927
4885  9216
4886  7860
4887  9791
4888  8020
4889  8162
4890  8013
4891  8002
4892  9790
4893  8008
4894  8013
4895  8011
4897  16488
4898  7588
4899  7916
4900  7993
4901  8013
4902  7955
4903  6231
4904  8019
4905  7993
4906  7855
4907  7961
4908  6186
4896  2163
4909  8606
4910  7983
4911  8012
4912  8073
4914  17922
4915  7981
4917  17991
4919  16022
4920  8104
4921  8079
4922  9786
4913  20341
4925  5661
4916  16312
4927  1691
4928  10103
4929  11911
4918  165
4930  11931
4931  12005
4932  11904
4923  414
4933  11642
4924  390
4934  11643
4926  187
4935  11805
4936  12003
4938  23974
4939  11887
4940  12024
4942  22072
4943  11933
4944  10102
4945  11999
4937  6178
4946  5792
4947  11998
4948  12001
4941  12230
4949  1675
4950  12111
4951  12007
4952  11995
4953  13861
4954  10315
4956  25702
4957  12088
4958  11886
4959  12000
4960  10130
4961  13884
4963  20183
4955  2126
4964  11675
4965  14006
4967  23973
4968  12003
4969  12093
4970  13896
4962  2208
4971  9800
4972  12022
4973  13974
4966  2330
4974  11663
4975  12094
4976  13999
4977  15898
4978  13998
4980  26120
4981  15878
4982  12124
4983  13889
4984  12099
4985  14008
4986  11990
4979  4224
4987  11678
4988  14004
4989  14092
4990  13989
4991  14003
4992  13986
4993  15890
4995  28013
4996  11971
4997  14108
4998  13900
4999  12014
4994  26297
core: m_RecoveredTotal: 0  m_RetransmissionTotal: 559  m_FECTotal: 0
m_FEC: m_RecoveredTotal: 0  m_notRecoveredTotal: 0
