0 1634157234852495 
1 1634157234852547 
2 1634157234852608 
3 1634157234852670 
4 1634157234852741 
5 1634157234852799 
6 1634157234852866 
7 1634157234852935 
8 1634157234852996 
9 1634157234853062 
10 1634157234853124 
11 1634157234853188 
12 1634157234853257 
13 1634157234853328 
14 1634157234853389 
15 1634157234853456 
16 1634157234862753 
17 1634157234862816 
18 1634157234862878 
19 1634157234862946 
20 1634157234863008 
21 1634157234863069 
22 1634157234863138 
23 1634157234863209 
24 1634157234863275 
25 1634157234863340 
26 1634157234863404 
27 1634157234863464 
28 1634157234863528 
29 1634157234863599 
30 1634157234863663 
31 1634157234863731 
32 1634157234863794 
33 1634157234863860 
34 1634157234863921 
36 1634157234873044 
37 1634157234873113 
38 1634157234873177 
39 1634157234873243 
40 1634157234873310 
41 1634157234873371 
42 1634157234873433 
43 1634157234873499 
44 1634157234873570 
45 1634157234873622 
46 1634157234873692 
47 1634157234873759 
48 1634157234873816 
49 1634157234873883 
50 1634157234873950 
51 1634157234874016 
52 1634157234874079 
53 1634157234874149 
54 1634157234874211 
55 1634157234874269 
56 1634157234874338 
57 1634157234874401 
58 1634157234874467 
59 1634157234874541 
60 1634157234874604 
61 1634157234874667 
62 1634157234874735 
63 1634157234874794 
64 1634157234874864 
65 1634157234874924 
66 1634157234874990 
67 1634157234875062 
68 1634157234875127 
69 1634157234875190 
70 1634157234875246 
35 1634157234883292 
71 1634157234893548 
72 1634157234895095 
73 1634157234895161 
74 1634157234895225 
75 1634157234895292 
76 1634157234897095 
77 1634157234897156 
78 1634157234897226 
79 1634157234899091 
80 1634157234899153 
81 1634157234899217 
82 1634157234899284 
83 1634157234901119 
84 1634157234901188 
85 1634157234901252 
86 1634157234901317 
87 1634157234903115 
88 1634157234903176 
89 1634157234903241 
90 1634157234903308 
91 1634157234903371 
92 1634157234903794 
93 1634157234903862 
94 1634157234905070 
95 1634157234905134 
96 1634157234905328 
97 1634157234907089 
98 1634157234907156 
99 1634157234907220 
100 1634157234907329 
101 1634157234909073 
103 1634157234909134 
104 1634157234909383 
105 1634157234909451 
106 1634157234911066 
107 1634157234911135 
108 1634157234911195 
109 1634157234911414 
110 1634157234913090 
111 1634157234913152 
112 1634157234913228 
113 1634157234913406 
114 1634157234914013 
115 1634157234915291 
116 1634157234915366 
117 1634157234915546 
118 1634157234917070 
119 1634157234917132 
120 1634157234917193 
121 1634157234917262 
122 1634157234917548 
123 1634157234919092 
124 1634157234919161 
125 1634157234919227 
102 1634157234919365 
126 1634157234921076 
127 1634157234921138 
129 1634157234923101 
130 1634157234923162 
131 1634157234923233 
132 1634157234925084 
133 1634157234925154 
134 1634157234925214 
135 1634157234925276 
136 1634157234927081 
137 1634157234927148 
138 1634157234927220 
139 1634157234927283 
140 1634157234929098 
141 1634157234929161 
142 1634157234929224 
143 1634157234931086 
144 1634157234931155 
145 1634157234931222 
146 1634157234931280 
147 1634157234933094 
148 1634157234933155 
149 1634157234933214 
128 1634157234933333 
150 1634157234935124 
151 1634157234935184 
152 1634157234935248 
153 1634157234935315 
154 1634157234937129 
155 1634157234937196 
156 1634157234937262 
157 1634157234939117 
158 1634157234939185 
159 1634157234939245 
160 1634157234941091 
161 1634157234941151 
162 1634157234941222 
163 1634157234943090 
164 1634157234943159 
165 1634157234943222 
166 1634157234943574 
167 1634157234945072 
168 1634157234945133 
169 1634157234945202 
170 1634157234945410 
171 1634157234947092 
172 1634157234947153 
173 1634157234947367 
174 1634157234949095 
175 1634157234949163 
176 1634157234949353 
177 1634157234951088 
178 1634157234951156 
179 1634157234951321 
180 1634157234953095 
181 1634157234953162 
182 1634157234953223 
183 1634157234953784 
184 1634157234955097 
185 1634157234955157 
186 1634157234955228 
187 1634157234957090 
188 1634157234957156 
189 1634157234957218 
190 1634157234959077 
191 1634157234959144 
192 1634157234959208 
193 1634157234959573 
194 1634157234961073 
195 1634157234961135 
196 1634157234961541 
197 1634157234963095 
198 1634157234963156 
199 1634157234963447 
200 1634157234965060 
201 1634157234965126 
202 1634157234965196 
203 1634157234965329 
204 1634157234967087 
205 1634157234967149 
206 1634157234967325 
207 1634157234969088 
208 1634157234969157 
209 1634157234969288 
210 1634157234971112 
211 1634157234971179 
212 1634157234971251 
213 1634157234971762 
214 1634157234973113 
215 1634157234973175 
216 1634157234975069 
217 1634157234975136 
218 1634157234975200 
219 1634157234975265 
220 1634157234977065 
221 1634157234977132 
222 1634157234977203 
223 1634157234977544 
224 1634157234979093 
225 1634157234979155 
226 1634157234979511 
227 1634157234981109 
228 1634157234981169 
229 1634157234981473 
230 1634157234983088 
231 1634157234983156 
232 1634157234983346 
233 1634157234983419 
235 1634157234985098 
236 1634157234985302 
237 1634157234987073 
238 1634157234987141 
240 1634157234989089 
241 1634157234989149 
242 1634157234989327 
243 1634157234989746 
244 1634157234991096 
245 1634157234991158 
246 1634157234991686 
247 1634157234993069 
248 1634157234993132 
249 1634157234993194 
250 1634157234993637 
251 1634157234995065 
252 1634157234995127 
234 1634157234995319 
253 1634157234997092 
254 1634157234997162 
255 1634157234999097 
256 1634157234999159 
257 1634157234999227 
239 1634157234999302 
258 1634157235001096 
259 1634157235001158 
260 1634157235003128 
261 1634157235003189 
262 1634157235005112 
263 1634157235005181 
264 1634157235005245 
265 1634157235005312 
266 1634157235007111 
267 1634157235007179 
269 1634157235009097 
270 1634157235009166 
271 1634157235011088 
272 1634157235011156 
273 1634157235013085 
274 1634157235013154 
275 1634157235013356 
276 1634157235015097 
277 1634157235015166 
278 1634157235017062 
279 1634157235017131 
280 1634157235017343 
281 1634157235017411 
282 1634157235019083 
283 1634157235019152 
268 1634157235019316 
284 1634157235021076 
285 1634157235021328 
286 1634157235023090 
287 1634157235023159 
288 1634157235025092 
289 1634157235025154 
290 1634157235027089 
291 1634157235027151 
292 1634157235029094 
293 1634157235029155 
294 1634157235029590 
295 1634157235031089 
296 1634157235031309 
297 1634157235031376 
298 1634157235033091 
299 1634157235033152 
300 1634157235035089 
301 1634157235035150 
302 1634157235037122 
303 1634157235037198 
304 1634157235039088 
305 1634157235039156 
306 1634157235039830 
307 1634157235041067 
308 1634157235041527 
309 1634157235043059 
310 1634157235043324 
311 1634157235045071 
312 1634157235045131 
313 1634157235045202 
314 1634157235047089 
315 1634157235047157 
317 1634157235049091 
318 1634157235050068 
319 1634157235051286 
320 1634157235051760 
321 1634157235053114 
323 1634157235055125 
324 1634157235055200 
325 1634157235057068 
326 1634157235057137 
328 1634157235059102 
329 1634157235059164 
316 1634157235059303 
330 1634157235061063 
331 1634157235061981 
332 1634157235063085 
333 1634157235065075 
334 1634157235065135 
322 1634157235065340 
335 1634157235067090 
337 1634157235069097 
327 1634157235069314 
338 1634157235071108 
339 1634157235072201 
340 1634157235074093 
341 1634157235074156 
342 1634157235075581 
343 1634157235077083 
344 1634157235079070 
345 1634157235079139 
346 1634157235079202 
336 1634157235079305 
347 1634157235081066 
348 1634157235082421 
349 1634157235084107 
350 1634157235086094 
351 1634157235086156 
352 1634157235088095 
353 1634157235089592 
354 1634157235091089 
355 1634157235091156 
356 1634157235092663 
357 1634157235094089 
358 1634157235096062 
359 1634157235096308 
360 1634157235098088 
361 1634157235098156 
362 1634157235099851 
363 1634157235101099 
364 1634157235102904 
365 1634157235102979 
366 1634157235104082 
367 1634157235106081 
368 1634157235108077 
369 1634157235108144 
370 1634157235110097 
371 1634157235111328 
372 1634157235113103 
374 1634157235115104 
375 1634157235116341 
376 1634157235118090 
377 1634157235118152 
378 1634157235118363 
379 1634157235120084 
380 1634157235121568 
381 1634157235123120 
382 1634157235125089 
383 1634157235125149 
373 1634157235125313 
384 1634157235127112 
385 1634157235129113 
386 1634157235131110 
387 1634157235133114 
388 1634157235133182 
389 1634157235135091 
390 1634157235135565 
391 1634157235137090 
392 1634157235139094 
393 1634157235139155 
394 1634157235141064 
395 1634157235143089 
396 1634157235143149 
397 1634157235145104 
398 1634157235145825 
399 1634157235147316 
400 1634157235149091 
401 1634157235151065 
402 1634157235153090 
403 1634157235153158 
404 1634157235155088 
405 1634157235156062 
406 1634157235157558 
407 1634157235159099 
408 1634157235161113 
409 1634157235161179 
410 1634157235163109 
411 1634157235163324 
412 1634157235165082 
413 1634157235166276 
414 1634157235167777 
415 1634157235169112 
416 1634157235171082 
417 1634157235173063 
418 1634157235173537 
419 1634157235175109 
420 1634157235176502 
421 1634157235178047 
422 1634157235179334 
423 1634157235181093 
424 1634157235183090 
425 1634157235183155 
426 1634157235183781 
427 1634157235185091 
428 1634157235186762 
429 1634157235188072 
430 1634157235189578 
431 1634157235191109 
432 1634157235193092 
433 1634157235194037 
434 1634157235195321 
435 1634157235197008 
436 1634157235198094 
437 1634157235199802 
438 1634157235201090 
439 1634157235203088 
440 1634157235204259 
441 1634157235204326 
442 1634157235205564 
443 1634157235207114 
444 1634157235209112 
445 1634157235210029 
446 1634157235211115 
448 1634157235214523 
449 1634157235215810 
450 1634157235217083 
451 1634157235219079 
452 1634157235220264 
453 1634157235221331 
454 1634157235223086 
447 1634157235224761 
455 1634157235226118 
456 1634157235228102 
457 1634157235228164 
458 1634157235230064 
459 1634157235232064 
460 1634157235234087 
461 1634157235234154 
462 1634157235236113 
463 1634157235238103 
464 1634157235240089 
465 1634157235242114 
466 1634157235242187 
467 1634157235244086 
468 1634157235246085 
469 1634157235248096 
470 1634157235250093 
471 1634157235250153 
472 1634157235252113 
473 1634157235252173 
474 1634157235254081 
475 1634157235256114 
476 1634157235258112 
477 1634157235258325 
478 1634157235260083 
479 1634157235262079 
480 1634157235264086 
481 1634157235266085 
482 1634157235266342 
483 1634157235268112 
484 1634157235270121 
485 1634157235272116 
486 1634157235274111 
487 1634157235276091 
488 1634157235276158 
489 1634157235276218 
490 1634157235278089 
491 1634157235280088 
492 1634157235282084 
493 1634157235284114 
495 1634157235286101 
496 1634157235288111 
497 1634157235290103 
498 1634157235292067 
499 1634157235292320 
500 1634157235294095 
501 1634157235296082 
494 1634157235296325 
502 1634157235300114 
503 1634157235300175 
504 1634157235302107 
505 1634157235302174 
506 1634157235304114 
507 1634157235306091 
508 1634157235308089 
509 1634157235310083 
510 1634157235312087 
511 1634157235314109 
512 1634157235316112 
513 1634157235316321 
514 1634157235318104 
515 1634157235320113 
516 1634157235322083 
517 1634157235324097 
518 1634157235326087 
519 1634157235328082 
520 1634157235330110 
521 1634157235330177 
522 1634157235332109 
523 1634157235334106 
526 1634157235338087 
527 1634157235340107 
528 1634157235342084 
529 1634157235344069 
530 1634157235346084 
531 1634157235348104 
524 1634157235348301 
525 1634157235352088 
532 1634157235354083 
533 1634157235356129 
534 1634157235358082 
535 1634157235358551 
536 1634157235362112 
537 1634157235362174 
538 1634157235364112 
539 1634157235366106 
540 1634157235368086 
541 1634157235368790 
542 1634157235372091 
543 1634157235374056 
544 1634157235376103 
545 1634157235378082 
546 1634157235379064 
547 1634157235382100 
548 1634157235384087 
549 1634157235386082 
550 1634157235388085 
551 1634157235389309 
552 1634157235391090 
553 1634157235391151 
554 1634157235394112 
555 1634157235396086 
556 1634157235398087 
557 1634157235399529 
558 1634157235401081 
559 1634157235403064 
560 1634157235406079 
561 1634157235408093 
562 1634157235409787 
563 1634157235411111 
564 1634157235413080 
565 1634157235415062 
566 1634157235418063 
567 1634157235420031 
568 1634157235421115 
570 1634157235423119 
571 1634157235425080 
572 1634157235427100 
573 1634157235430080 
574 1634157235431352 
575 1634157235433091 
569 1634157235433315 
576 1634157235437111 
577 1634157235439100 
578 1634157235441113 
579 1634157235443078 
580 1634157235445081 
581 1634157235447080 
582 1634157235449086 
583 1634157235451328 
584 1634157235455102 
585 1634157235455171 
586 1634157235457102 
587 1634157235459084 
588 1634157235461088 
589 1634157235463084 
590 1634157235465085 
591 1634157235467107 
592 1634157235469104 
593 1634157235471307 
594 1634157235475091 
595 1634157235477101 
596 1634157235479078 
597 1634157235481068 
598 1634157235483099 
599 1634157235485104 
600 1634157235487107 
601 1634157235487167 
602 1634157235489087 
603 1634157235491084 
604 1634157235493321 
605 1634157235497117 
606 1634157235499108 
607 1634157235501104 
608 1634157235503084 
609 1634157235505087 
610 1634157235507083 
611 1634157235509078 
612 1634157235511083 
613 1634157235513107 
614 1634157235515104 
615 1634157235517301 
616 1634157235519299 
617 1634157235519366 
618 1634157235523086 
619 1634157235525066 
620 1634157235527080 
621 1634157235527534 
622 1634157235529544 
623 1634157235533109 
624 1634157235535101 
625 1634157235537083 
626 1634157235537752 
627 1634157235539782 
628 1634157235543066 
629 1634157235545065 
630 1634157235547106 
631 1634157235547306 
632 1634157235550017 
633 1634157235550090 
634 1634157235551088 
635 1634157235553071 
636 1634157235555086 
637 1634157235557081 
638 1634157235559086 
639 1634157235561312 
640 1634157235563102 
641 1634157235565106 
642 1634157235567088 
643 1634157235569079 
644 1634157235571126 
645 1634157235571563 
646 1634157235573324 
647 1634157235575114 
648 1634157235577112 
649 1634157235577172 
650 1634157235579108 
651 1634157235581099 
652 1634157235583082 
653 1634157235585081 
654 1634157235587091 
655 1634157235587396 
656 1634157235589086 
657 1634157235591103 
658 1634157235593079 
659 1634157235595102 
660 1634157235597102 
661 1634157235597610 
662 1634157235599306 
663 1634157235601087 
664 1634157235603064 
665 1634157235603131 
666 1634157235605082 
667 1634157235607105 
668 1634157235607865 
669 1634157235609116 
670 1634157235611104 
671 1634157235613060 
672 1634157235615086 
673 1634157235617100 
675 1634157235619354 
676 1634157235621083 
677 1634157235623105 
678 1634157235625105 
679 1634157235625174 
680 1634157235627105 
681 1634157235627167 
682 1634157235629085 
674 1634157235629616 
683 1634157235633091 
684 1634157235635059 
685 1634157235635128 
686 1634157235637106 
687 1634157235639104 
688 1634157235641103 
689 1634157235643105 
690 1634157235645063 
691 1634157235647108 
692 1634157235647336 
694 1634157235651082 
695 1634157235653108 
696 1634157235655112 
697 1634157235655179 
698 1634157235657110 
699 1634157235659086 
700 1634157235661081 
701 1634157235661149 
693 1634157235661300 
702 1634157235663329 
703 1634157235667090 
704 1634157235667151 
705 1634157235669113 
706 1634157235671104 
707 1634157235673088 
708 1634157235675081 
709 1634157235677119 
710 1634157235679082 
711 1634157235681105 
712 1634157235683084 
713 1634157235683151 
714 1634157235685104 
715 1634157235687102 
716 1634157235689056 
717 1634157235691085 
718 1634157235693081 
719 1634157235695080 
720 1634157235697101 
721 1634157235697338 
722 1634157235699279 
723 1634157235701112 
724 1634157235703099 
725 1634157235705084 
726 1634157235707079 
727 1634157235709084 
728 1634157235711085 
729 1634157235711147 
730 1634157235713100 
731 1634157235715109 
732 1634157235715171 
734 1634157235719102 
735 1634157235721094 
736 1634157235723085 
737 1634157235725085 
738 1634157235725384 
739 1634157235727070 
740 1634157235729104 
733 1634157235729315 
741 1634157235731103 
742 1634157235733115 
743 1634157235735105 
744 1634157235737090 
745 1634157235737158 
746 1634157235737216 
747 1634157235739079 
749 1634157235741321 
750 1634157235743085 
751 1634157235745126 
752 1634157235747105 
753 1634157235747323 
754 1634157235749083 
755 1634157235751096 
748 1634157235751582 
756 1634157235755091 
757 1634157235755146 
758 1634157235757065 
759 1634157235759082 
760 1634157235761113 
761 1634157235761173 
762 1634157235761825 
763 1634157235765112 
764 1634157235765180 
765 1634157235767059 
766 1634157235769086 
767 1634157235771084 
768 1634157235772061 
769 1634157235774073 
770 1634157235775345 
771 1634157235777099 
772 1634157235779092 
773 1634157235781109 
774 1634157235782304 
775 1634157235784083 
776 1634157235785591 
777 1634157235785659 
778 1634157235787095 
779 1634157235789070 
780 1634157235791086 
781 1634157235791154 
782 1634157235794095 
783 1634157235794309 
784 1634157235795833 
785 1634157235799087 
786 1634157235799154 
787 1634157235801054 
788 1634157235803068 
789 1634157235804323 
790 1634157235806109 
791 1634157235808093 
793 1634157235808150 
794 1634157235811079 
795 1634157235811284 
796 1634157235813089 
797 1634157235814535 
798 1634157235816112 
799 1634157235818084 
792 1634157235818335 
800 1634157235820108 
801 1634157235822118 
802 1634157235824110 
803 1634157235826107 
804 1634157235828086 
805 1634157235828599 
806 1634157235830065 
807 1634157235832085 
808 1634157235834066 
809 1634157235834133 
810 1634157235836111 
811 1634157235838104 
812 1634157235838313 
813 1634157235840067 
814 1634157235842108 
815 1634157235844057 
816 1634157235846084 
817 1634157235848085 
818 1634157235848153 
819 1634157235850085 
820 1634157235852107 
821 1634157235854108 
822 1634157235856110 
823 1634157235856178 
824 1634157235858112 
825 1634157235858181 
826 1634157235860086 
827 1634157235862088 
828 1634157235862334 
830 1634157235866080 
831 1634157235868111 
832 1634157235868352 
833 1634157235870115 
834 1634157235872101 
835 1634157235874120 
836 1634157235876084 
829 1634157235876289 
838 1634157235878125 
839 1634157235880088 
840 1634157235882117 
841 1634157235882179 
842 1634157235884089 
843 1634157235886109 
844 1634157235886534 
845 1634157235888101 
837 1634157235888334 
846 1634157235890316 
847 1634157235894087 
848 1634157235894155 
849 1634157235896080 
850 1634157235898112 
851 1634157235900117 
852 1634157235902108 
853 1634157235904106 
854 1634157235906087 
855 1634157235908100 
856 1634157235910091 
857 1634157235910151 
858 1634157235912079 
859 1634157235914108 
860 1634157235916106 
861 1634157235918111 
862 1634157235920081 
863 1634157235920322 
864 1634157235922095 
865 1634157235924088 
866 1634157235926087 
867 1634157235928079 
868 1634157235930118 
869 1634157235932105 
870 1634157235934105 
871 1634157235936086 
872 1634157235936322 
873 1634157235936389 
874 1634157235938088 
875 1634157235940083 
876 1634157235942091 
877 1634157235944113 
878 1634157235946110 
879 1634157235946636 
880 1634157235948108 
881 1634157235950095 
882 1634157235952084 
883 1634157235954082 
884 1634157235956080 
885 1634157235956878 
886 1634157235958092 
887 1634157235960103 
888 1634157235962100 
889 1634157235962168 
890 1634157235964112 
891 1634157235966120 
892 1634157235966301 
893 1634157235968342 
894 1634157235970092 
895 1634157235972078 
896 1634157235974087 
897 1634157235974345 
898 1634157235976105 
899 1634157235978117 
900 1634157235980102 
901 1634157235982114 
902 1634157235982181 
903 1634157235984088 
904 1634157235986103 
905 1634157235986178 
906 1634157235988094 
907 1634157235988345 
908 1634157235990093 
909 1634157235992105 
910 1634157235994088 
911 1634157235994319 
912 1634157235996114 
913 1634157235998084 
914 1634157236000083 
915 1634157236000324 
916 1634157236002130 
917 1634157236004083 
918 1634157236006115 
919 1634157236006350 
920 1634157236008116 
921 1634157236008176 
922 1634157236010115 
923 1634157236012111 
924 1634157236012178 
925 1634157236014090 
926 1634157236014150 
927 1634157236016084 
928 1634157236016573 
930 1634157236020088 
931 1634157236020149 
932 1634157236022108 
933 1634157236022349 
934 1634157236024111 
936 1634157236026108 
937 1634157236026176 
938 1634157236026296 
939 1634157236028105 
940 1634157236030090 
941 1634157236030152 
942 1634157236030209 
929 1634157236030298 
943 1634157236032081 
944 1634157236032605 
945 1634157236034089 
946 1634157236036086 
947 1634157236036155 
935 1634157236036317 
948 1634157236038084 
949 1634157236040105 
950 1634157236040174 
951 1634157236042107 
952 1634157236042849 
953 1634157236042916 
954 1634157236044084 
955 1634157236046087 
956 1634157236046562 
957 1634157236048062 
958 1634157236050084 
959 1634157236050348 
960 1634157236052107 
961 1634157236053107 
962 1634157236054309 
963 1634157236056107 
964 1634157236056316 
966 1634157236060078 
967 1634157236060146 
968 1634157236062084 
969 1634157236062152 
970 1634157236063360 
971 1634157236064555 
972 1634157236066084 
973 1634157236066153 
974 1634157236068080 
975 1634157236070087 
976 1634157236070156 
965 1634157236070294 
977 1634157236072085 
978 1634157236073588 
979 1634157236075086 
980 1634157236077061 
981 1634157236077130 
982 1634157236079066 
983 1634157236080535 
984 1634157236082067 
985 1634157236082129 
986 1634157236083839 
987 1634157236083905 
988 1634157236085311 
989 1634157236087090 
990 1634157236089074 
991 1634157236089288 
992 1634157236090793 
993 1634157236092084 
994 1634157236094117 
995 1634157236095565 
996 1634157236097072 
997 1634157236097323 
998 1634157236099068 
999 1634157236101066 
