1 0 0 1643644008588005 
1 1 0 1643644008891840 
1 2 0 1643644008893851 
1 3 0 1643644008893892 
1 4 0 1643644008893989 
1 5 0 1643644008894084 
1 6 0 1643644008894143 
1 7 0 1643644008894193 
1 8 0 1643644008894252 
1 9 0 1643644008894320 
1 10 0 1643644008894397 
1 11 0 1643644008894502 
1 12 0 1643644008894551 
1 13 0 1643644008894610 
1 14 0 1643644008894688 
1 15 0 1643644008894733 
1 16 0 1643644008894829 
1 17 0 1643644008894887 
1 19 0 1643644008895007 
1 21 0 1643644008895247 
1 18 0 1643644008895363 
1 22 0 1643644008895583 
1 24 0 1643644008895682 
1 23 0 1643644008895803 
1 20 0 1643644008895919 
2 0 1 1643644008895989 
2 1 1 1643644008896002 
2 2 1 1643644008896024 
2 3 1 1643644008896037 
2 4 1 1643644008896060 
2 5 1 1643644008896102 
2 6 1 1643644008896114 
2 7 1 1643644008896137 
2 9 1 1643644008896383 
2 10 1 1643644008896406 
2 12 1 1643644008896419 
2 15 1 1643644008896648 
2 17 1 1643644008896660 
2 18 1 1643644008896875 
2 19 1 1643644008896888 
2 20 1 1643644008896901 
2 21 1 1643644008896915 
2 23 1 1643644008897117 
2 24 1 1643644008897130 
2 26 1 1643644008897143 
2 27 1 1643644008897375 
2 28 1 1643644008897388 
2 29 1 1643644008897401 
2 30 1 1643644008897414 
2 31 1 1643644008897618 
2 34 1 1643644008897641 
2 35 1 1643644008897654 
2 36 1 1643644008897862 
2 37 1 1643644008897875 
2 38 1 1643644008897888 
2 41 1 1643644008898122 
2 42 1 1643644008898135 
2 43 1 1643644008898149 
2 44 1 1643644008898373 
2 45 1 1643644008898387 
2 46 1 1643644008898400 
2 47 1 1643644008898414 
2 49 1 1643644008898600 
2 8 1 1643644009251863 
2 11 1 1643644009253951 
2 13 1 1643644009254050 
2 16 1 1643644009254195 
2 22 1 1643644009254735 
2 25 1 1643644009254748 
2 40 1 1643644009255853 
2 48 1 1643644009256283 
2 32 1 1643644009612828 
2 33 1 1643644009612862 
2 14 1 1643644009965814 
2 39 1 1643644010321789 
